211 3228
1 34 37
1 4 180
1 162 169
1 8 94
1 90 181
1 109 200
2 148
2 144
1 39 67
1 3 85
1 140 189
2 171
1 19 140
2 87
2 169
1 43 65
1 47 114
1 69 159
1 31 125
1 51 134
2 76
1 30 124
2 17
1 22 71
2 34
2 61
1 84 138
2 59
2 211
1 86 124
2 100
1 30 146
2 194
2 170
2 33
2 5
1 93 209
1 25 161
2 10
1 5 70
1 21 112
2 168
2 105
1 1 136
1 166 206
2 83
1 112 119
2 140
2 148
2 113
2 6
1 43 202
1 54 164
2 199
1 67 118
1 32 56
1 15 154
2 79
1 109 124
2 165
2 160
2 121
2 97
1 83 128
1 31 64
1 26 140
2 86
1 182 198
2 65
2 147
2 195
1 13 138
2 4
1 8 127
1 21 91
1 72 196
2 175
1 85 98
1 51 196
1 55 110
1 72 149
2 32
2 50
2 136
2 116
2 97
1 49 113
1 40 209
1 16 50
1 19 180
1 142 157
2 88
2 169
2 95
2 22
2 185
2 25
1 128 142
1 134 182
1 57 161
1 14 141
1 141 175
2 53
2 38
2 80
2 33
2 192
2 136
1 42 197
2 27
1 3 21
2 85
2 41
1 38 119
2 126
2 121
2 103
1 97 119
1 76 136
1 16 177
2 199
1 120 159
1 96 151
1 66 68
1 130 185
2 82
2 189
2 62
2 109
1 18 148
2 147
1 176 202
2 63
1 89 162
2 82
1 26 80
2 163
2 210
2 96
1 90 121
1 68 110
2 196
2 174
1 98 114
2 105
1 69 169
1 103 208
1 38 181
1 65 143
1 201 204
1 7 36
2 122
1 132 185
2 81
2 18
2 79
2 122
1 80 191
1 82 177
1 78 130
1 18 149
1 68 127
1 170 186
1 122 186
2 130
2 186
1 178 209
1 158 199
1 143 167
2 55
2 113
2 205
1 8 194
2 193
2 133
2 26
2 50
1 90 97
2 154
1 74 210
2 141
1 145 198
1 142 157
1 73 133
1 66 119
1 12 112
1 67 191
1 26 92
1 29 207
1 29 121
1 56 203
2 88
2 178
1 181 208
1 62 113
2 47
1 85 89
1 2 8
2 25
1 21 40
2 38
1 71 92
2 162
1 70 78
2 96
1 95 135
2 72
1 37 119
2 100
2 137
2 73
2 149
2 131
1 45 170
1 67 115
2 43
2 77
1 128 177
1 73 82
1 151 203
1 69 110
1 29 89
2 25
2 151
1 60 76
1 26 142
2 162
1 44 187
2 157
2 117
1 68 203
1 129 177
1 6 92
2 67
2 85
1 103 197
2 94
2 81
2 41
1 2 30
2 80
2 41
2 71
2 154
1 28 92
1 153 157
2 80
2 2
2 9
1 24 65
2 205
1 14 53
1 36 97
1 30 211
1 10 44
2 163
1 12 97
1 149 205
1 113 146
2 170
2 23
2 73
1 163 196
1 104 160
2 179
2 203
1 37 77
2 73
1 104 151
2 44
2 15
1 27 189
1 47 125
2 51
1 19 192
2 99
2 139
2 152
2 39
2 147
2 162
1 113 172
1 21 102
1 13 166
1 105 169
2 168
2 125
2 75
1 136 185
2 197
1 34 176
2 151
2 187
1 22 211
2 63
1 29 175
1 19 62
2 114
1 37 150
1 56 140
1 25 40
2 38
1 21 190
2 210
2 122
2 160
2 77
2 101
1 131 210
2 92
2 10
2 139
2 88
1 45 124
1 31 99
1 63 176
2 85
1 113 181
2 193
1 33 73
1 74 115
1 3 131
2 166
2 113
2 91
1 85 177
1 94 208
1 79 187
1 47 169
2 3
1 108 183
1 154 174
2 195
2 82
1 72 179
1 10 98
1 83 105
2 25
2 47
1 30 45
1 156 178
1 63 167
1 12 106
1 84 133
1 59 69
1 15 96
1 78 102
2 139
1 69 94
2 110
1 77 86
1 164 170
2 96
1 23 202
1 17 77
2 54
1 16 172
2 60
1 80 95
1 110 202
1 33 66
2 103
2 179
1 137 202
2 155
2 160
2 47
2 122
2 141
1 116 145
2 38
1 100 175
2 201
1 179 198
2 165
1 43 89
1 27 41
1 184 206
2 3
1 87 112
2 210
2 120
1 153 156
2 26
2 44
1 125 168
2 32
2 210
2 9
2 95
1 41 186
1 94 115
1 27 158
2 166
1 43 49
2 144
1 12 161
1 15 165
2 135
2 60
2 187
1 78 83
1 1 88
2 171
2 194
1 85 159
2 1
1 21 75
2 194
1 46 167
2 69
2 144
1 9 16
2 192
2 92
1 8 137
2 137
1 22 211
2 94
1 71 202
1 105 127
2 20
1 44 210
1 84 143
1 33 127
1 102 153
2 92
2 56
1 36 169
2 11
1 116 138
1 9 175
2 138
2 150
2 37
1 62 194
2 158
1 4 202
2 89
1 92 202
2 104
2 98
2 203
2 51
2 52
2 199
1 4 73
1 138 176
2 47
2 157
1 3 12
1 112 122
2 13
2 177
2 123
2 36
2 131
1 98 125
2 137
1 123 185
2 58
1 127 138
2 197
2 158
1 20 95
1 59 201
1 149 175
1 24 127
2 86
2 162
2 59
1 1 75
2 37
1 18 139
1 33 172
1 134 135
2 129
1 53 127
1 54 204
2 89
2 67
2 63
2 20
2 77
1 61 161
1 40 54
2 149
2 35
1 145 182
1 7 138
2 129
2 162
1 3 28
2 84
1 29 48
2 129
2 85
1 165 201
2 71
2 55
2 174
1 15 85
2 136
2 83
1 165 189
2 60
1 76 92
1 87 164
1 148 194
2 211
2 24
1 112 157
1 51 107
2 67
2 84
2 140
2 5
2 101
2 209
1 5 142
1 43 201
2 64
1 116 171
2 108
1 16 78
2 39
2 142
1 66 75
2 30
2 125
1 140 158
2 35
2 169
2 89
1 126 166
1 55 93
1 2 51
2 65
1 4 51
2 27
2 22
2 197
2 160
2 95
1 81 200
2 192
2 197
1 54 101
1 54 181
1 16 181
2 210
2 61
1 107 183
1 65 86
1 189 191
2 47
1 11 76
2 191
1 67 117
1 83 159
1 64 118
1 107 151
1 39 126
2 147
2 116
1 71 106
2 40
2 31
1 173 197
2 114
2 16
2 47
2 51
2 132
2 17
1 50 157
1 25 59
2 81
1 30 81
1 1 43
1 57 208
2 134
1 68 120
1 91 204
1 49 101
2 74
1 67 174
1 138 160
1 82 175
1 25 76
2 158
2 54
2 194
2 3
2 109
1 176 196
1 3 194
2 82
2 17
2 178
1 4 120
1 74 132
1 126 163
2 45
2 193
1 50 200
1 45 169
1 63 177
1 34 196
1 76 104
1 4 93
1 19 111
2 31
1 159 171
1 65 110
2 63
2 72
2 52
1 152 160
1 35 170
1 23 109
1 187 210
1 78 79
2 100
1 70 121
1 96 208
2 61
2 175
1 36 145
2 109
1 7 86
2 6
2 154
2 191
2 76
1 32 110
1 46 195
2 108
1 97 140
2 193
1 51 139
2 138
2 162
2 23
1 27 182
1 57 117
1 100 114
2 130
2 5
1 106 206
2 203
1 58 182
2 110
2 30
2 138
1 193 200
1 73 177
2 39
1 28 200
1 165 201
2 197
2 141
2 203
2 131
1 64 196
2 48
2 204
1 106 144
2 206
2 81
1 17 145
2 168
1 10 112
1 132 161
2 164
2 100
2 77
1 23 170
1 15 29
2 10
1 22 117
1 27 156
1 34 209
1 33 196
2 57
2 65
1 158 193
1 14 176
2 88
2 31
1 70 111
1 30 93
1 43 114
1 155 199
1 19 79
1 4 138
2 195
2 105
1 9 117
2 34
1 116 193
2 174
1 18 201
2 86
1 41 70
2 96
2 93
1 58 187
1 17 76
1 18 147
2 128
1 133 136
1 12 85
2 4
1 134 146
2 120
2 202
2 32
2 161
2 46
1 89 101
1 109 159
2 99
1 102 160
2 111
2 119
1 27 207
2 171
2 109
2 61
2 85
1 46 118
2 194
2 185
2 97
2 33
2 50
1 92 159
1 98 211
2 84
1 106 172
1 137 146
2 159
2 188
1 68 166
1 56 172
2 39
2 62
2 93
1 100 197
2 38
1 146 161
2 36
2 141
2 43
1 93 124
2 199
1 44 53
1 78 175
1 28 173
2 13
2 143
1 176 189
1 22 22
2 109
1 162 171
1 33 201
2 20
1 9 163
2 116
1 88 204
2 38
2 8
1 76 124
1 55 67
2 147
2 158
1 161 175
2 182
1 17 81
1 12 17
2 22
2 131
1 21 54
2 30
2 87
1 118 158
2 149
2 69
1 97 196
1 19 174
2 116
2 195
2 17
1 152 173
1 2 53
1 195 199
2 139
1 100 113
2 67
2 128
1 173 185
1 111 155
1 110 171
1 85 126
2 187
2 122
1 27 124
1 110 195
2 6
1 4 165
1 94 144
1 142 194
2 62
2 184
2 18
2 185
1 34 200
1 200 201
2 199
1 126 180
1 75 181
1 61 130
1 84 170
2 106
2 31
2 61
1 73 201
2 44
1 63 92
1 103 143
2 142
2 149
2 125
1 135 199
1 172 193
1 93 155
2 14
1 32 202
2 149
2 126
2 208
2 103
2 107
1 103 129
1 55 72
1 56 113
2 104
1 78 103
1 126 137
2 15
1 76 176
1 58 191
1 128 208
2 152
1 180 204
1 190 207
2 208
1 21 161
2 24
2 205
1 15 159
1 116 146
1 3 201
1 65 128
2 56
1 15 37
2 136
1 56 132
2 113
2 106
2 161
2 113
2 162
1 45 49
2 14
2 17
2 25
1 20 21
2 140
1 60 143
1 6 20
1 119 188
2 95
1 76 95
1 97 115
1 25 201
2 125
2 39
2 199
1 16 56
2 26
1 46 46
2 42
2 162
2 66
2 26
2 180
1 25 86
2 166
1 26 105
1 32 165
2 190
1 40 64
1 60 198
1 66 121
1 48 210
2 91
1 124 205
2 42
2 82
1 147 183
2 176
1 65 148
1 5 66
1 5 86
2 93
2 55
1 49 111
1 112 194
1 18 177
2 25
1 74 103
1 97 211
1 95 140
2 153
2 4
1 102 202
2 86
1 46 211
1 73 76
1 7 193
2 131
1 78 124
1 11 102
1 118 140
1 31 106
2 86
2 35
2 189
1 82 137
2 106
2 77
1 92 120
2 149
2 198
1 133 156
1 15 64
2 207
2 125
1 32 35
2 25
1 80 206
2 52
2 178
2 10
2 154
2 125
2 157
2 70
1 37 183
2 23
1 85 185
2 1
1 80 167
1 58 60
1 43 201
2 108
2 203
2 83
2 167
2 169
2 180
1 133 174
1 29 142
1 115 119
1 29 64
1 74 81
2 41
2 59
1 153 180
2 17
1 89 95
2 189
2 150
1 134 170
1 101 189
2 45
1 154 194
2 71
1 152 178
1 107 120
2 60
1 24 79
2 93
1 91 106
2 159
1 9 197
2 121
2 91
2 130
2 135
2 26
1 37 208
1 8 100
2 82
2 185
2 194
1 5 127
2 69
2 119
1 32 179
1 134 184
1 147 209
2 94
1 11 51
1 127 199
1 101 194
1 159 203
1 36 147
1 76 109
1 99 182
1 25 46
2 101
2 56
1 82 125
1 21 205
1 126 131
1 128 208
2 178
2 193
2 16
2 23
1 79 150
2 131
2 141
1 50 65
1 83 200
1 87 208
2 7
1 123 123
1 3 171
1 2 27
2 146
1 30 95
2 95
2 150
1 114 126
2 142
1 96 211
2 208
2 46
1 7 167
2 19
1 137 201
1 75 151
1 120 146
1 4 108
1 43 171
2 96
2 122
1 3 43
2 172
2 146
2 196
2 24
2 193
2 193
2 49
2 12
1 143 175
2 134
1 15 21
1 19 166
1 60 107
1 39 203
1 12 134
1 45 166
1 11 25
1 25 101
1 74 204
2 45
2 163
1 82 104
1 200 211
1 74 93
1 18 198
2 89
1 42 78
1 61 88
1 50 114
2 72
1 38 64
2 111
2 160
1 162 207
1 87 195
2 59
1 78 174
1 6 52
1 59 139
1 5 122
1 90 95
2 147
2 42
2 68
2 205
2 9
2 160
2 158
2 58
2 17
2 152
2 85
2 159
2 130
1 71 211
1 56 114
2 11
1 75 130
2 14
2 37
2 114
1 60 93
1 106 113
2 125
2 14
2 77
1 41 196
2 87
2 68
2 12
2 75
2 7
1 33 192
1 130 196
2 169
1 48 176
1 27 122
1 29 192
2 21
1 19 92
2 134
1 1 82
1 2 43
2 135
2 171
1 21 131
2 155
1 56 190
2 157
2 197
2 45
2 66
1 23 107
2 98
2 111
1 180 197
2 146
2 191
1 63 184
2 210
1 53 197
1 164 177
1 88 108
2 158
2 201
2 196
1 9 80
2 196
2 56
2 85
1 105 133
1 203 204
1 12 92
1 9 32
2 209
1 97 147
2 69
1 43 91
1 100 211
1 51 195
1 142 208
2 86
2 99
1 45 101
1 20 109
1 24 162
2 15
1 36 138
2 2
1 22 170
2 190
1 23 100
1 165 201
1 8 208
2 142
1 67 130
2 161
2 105
1 82 95
2 195
1 51 165
1 25 98
2 133
2 96
1 3 150
1 36 170
2 146
2 209
2 45
1 49 123
1 39 47
1 17 187
1 127 150
1 79 167
2 197
2 111
2 113
1 81 203
1 181 211
2 62
2 163
2 208
2 52
2 103
2 203
2 71
1 25 71
2 77
2 170
1 62 167
1 43 203
1 97 97
2 117
1 151 209
1 76 158
1 110 112
1 46 67
2 104
1 38 79
1 16 50
2 92
2 100
1 22 56
1 28 173
2 152
1 45 68
1 107 183
2 49
2 210
1 50 63
1 102 120
2 83
1 8 119
1 86 93
1 1 198
2 211
1 61 211
1 130 156
1 37 211
1 86 105
1 81 198
1 115 209
2 205
2 168
1 44 102
1 155 174
1 106 179
1 18 43
2 88
2 69
1 114 192
2 60
2 197
2 47
1 139 181
2 71
1 74 134
2 20
2 108
2 4
1 104 193
1 110 149
2 143
2 1
2 113
1 83 184
1 125 127
1 1 42
2 144
2 33
1 6 61
1 82 90
2 149
1 47 72
2 206
1 75 81
2 207
1 94 158
1 46 164
1 107 142
1 92 187
1 5 126
2 114
1 105 129
1 107 117
2 198
1 37 146
1 95 144
2 121
1 108 152
2 53
1 124 192
1 37 197
2 153
1 132 146
1 147 179
2 52
1 96 103
1 113 158
2 129
2 210
1 177 198
1 106 181
2 128
1 42 98
2 98
1 49 128
2 66
2 164
2 128
1 131 199
2 84
1 5 201
1 70 146
2 57
2 184
1 146 149
1 49 126
1 134 204
2 205
2 118
1 71 134
1 127 153
2 188
1 28 204
1 136 141
2 114
2 119
1 132 159
1 52 90
2 15
1 12 129
1 8 45
2 167
2 35
2 140
1 23 34
2 166
2 14
1 105 201
2 80
1 61 80
1 9 92
2 43
2 150
1 147 210
2 71
2 112
1 132 198
1 14 133
1 8 59
2 150
2 190
1 28 69
1 55 88
2 185
2 137
2 6
2 23
2 174
1 96 108
1 107 170
2 151
2 164
1 87 153
2 93
2 53
2 209
1 50 178
2 106
1 13 203
2 182
1 21 145
1 142 183
2 161
1 102 184
1 21 140
1 132 161
1 36 176
2 182
1 52 162
2 12
2 105
1 96 179
2 189
1 9 118
1 63 171
1 37 66
1 166 177
2 184
1 118 153
1 87 178
2 174
2 180
2 150
2 204
2 124
2 78
1 3 122
2 122
1 31 107
2 151
2 105
1 116 134
1 102 124
1 81 145
1 148 166
2 163
1 81 181
2 46
2 50
1 91 191
1 135 136
1 148 159
1 118 182
2 151
1 64 107
1 5 128
2 15
2 74
1 102 189
2 1
2 153
1 8 44
1 36 39
2 134
2 27
1 15 37
2 122
2 131
2 142
2 123
1 166 202
2 11
2 18
2 106
1 104 207
1 6 132
2 30
1 97 107
1 114 192
2 103
1 57 162
1 40 111
2 138
1 117 157
1 114 134
2 52
2 73
1 40 170
2 128
1 32 147
1 99 153
1 83 149
2 92
2 31
1 61 143
1 83 98
2 43
1 2 119
1 78 141
2 77
1 161 189
2 60
1 62 78
2 1
1 36 185
2 201
1 75 145
1 116 122
2 119
2 171
2 52
2 50
2 122
1 112 163
1 58 107
1 58 210
2 25
2 78
1 76 104
1 44 193
1 53 61
1 10 210
2 106
2 191
1 85 159
1 103 114
1 48 67
2 55
2 162
2 68
2 171
2 56
1 46 96
2 182
2 170
1 155 191
1 1 99
2 77
2 210
2 176
2 186
2 153
2 59
2 37
1 30 78
2 188
2 101
2 3
1 84 152
1 41 60
2 115
1 31 34
1 109 138
1 61 147
2 188
1 10 207
1 12 30
1 57 174
1 139 183
2 44
2 83
2 166
1 32 100
2 116
1 36 96
1 156 210
2 77
1 169 178
1 95 191
1 9 197
1 91 116
1 65 102
2 35
1 69 88
1 68 147
1 32 179
1 116 130
2 96
1 85 127
1 73 76
2 11
2 141
1 146 196
1 5 155
1 116 194
2 45
2 97
1 57 194
1 108 158
2 140
1 60 187
2 152
1 85 126
1 177 206
1 88 195
1 93 192
2 13
2 56
1 65 129
2 164
1 34 36
1 9 64
2 148
2 154
1 22 46
1 121 189
1 127 197
2 100
1 118 127
2 174
1 118 201
1 18 74
1 50 205
2 12
2 73
2 203
2 109
2 82
2 87
2 72
1 109 154
1 7 128
2 206
2 114
2 175
1 169 206
2 167
2 155
1 120 174
2 1
1 25 89
2 87
2 8
2 40
1 16 74
1 58 128
1 78 127
2 139
2 3
1 75 121
2 112
1 168 170
1 32 33
2 211
2 154
1 80 104
2 117
2 181
2 89
2 170
2 114
1 130 187
1 154 182
2 191
2 79
2 31
2 105
1 1 115
1 1 49
1 10 35
1 150 188
2 177
1 22 171
2 154
2 68
1 105 132
1 75 119
1 62 115
1 57 129
2 208
2 123
1 47 105
2 182
2 143
1 131 163
1 109 148
1 21 158
1 67 189
2 78
1 49 190
2 126
1 27 193
2 184
1 20 162
2 78
2 201
2 95
2 94
1 19 89
1 17 54
2 210
1 16 153
1 62 94
2 91
2 134
2 151
1 5 38
2 60
2 49
1 68 109
2 161
2 49
2 140
2 88
2 128
2 67
2 121
1 88 161
1 119 208
1 49 86
1 71 117
2 30
2 75
1 10 132
1 13 88
2 161
2 8
1 38 101
2 137
2 55
1 86 133
2 86
1 143 172
2 86
1 46 211
2 69
1 195 209
1 164 189
1 15 135
1 76 192
2 67
1 79 170
1 7 38
2 77
1 57 135
1 169 187
1 100 196
1 196 209
2 78
2 160
2 42
1 40 103
2 81
2 104
2 167
2 174
2 32
1 33 161
2 4
2 162
1 3 97
1 54 164
2 60
2 91
1 33 80
1 26 68
1 11 197
1 79 158
1 162 199
1 123 151
1 23 86
2 30
1 35 47
2 19
2 102
1 6 105
1 13 175
1 38 137
2 189
1 9 106
1 93 110
2 189
1 1 20
2 194
2 43
2 209
2 15
1 107 186
2 125
2 113
1 21 77
1 62 167
2 139
2 188
2 168
2 162
1 166 199
1 24 106
1 94 128
1 71 90
2 118
2 139
2 136
2 122
1 84 183
2 184
2 163
1 45 80
2 79
1 102 119
2 114
2 190
1 138 194
1 104 138
1 45 108
2 179
1 12 106
2 164
2 53
1 18 77
1 9 183
1 66 112
2 107
1 80 145
2 97
2 132
2 113
2 126
1 136 198
2 160
2 138
1 116 182
1 83 191
2 83
1 10 196
1 38 151
1 28 192
2 47
2 156
2 195
2 206
1 6 127
1 15 166
2 88
2 167
1 16 105
1 14 79
1 106 147
2 209
1 155 174
1 109 145
2 174
1 27 62
1 10 115
2 131
2 30
2 183
2 166
1 88 164
2 153
1 89 175
1 52 84
1 96 157
2 96
1 53 122
1 169 194
1 20 123
1 20 202
1 35 47
2 144
1 78 153
2 120
2 142
1 21 39
2 180
2 108
2 31
1 159 199
1 64 191
1 106 158
2 113
1 6 60
1 123 178
2 153
1 153 165
2 158
1 185 210
2 134
2 179
1 81 85
1 41 188
2 200
1 121 163
1 143 201
1 173 211
1 156 189
1 22 32
1 30 117
2 73
1 186 209
2 79
2 11
2 42
2 99
2 63
1 74 119
1 30 116
1 31 152
1 41 128
2 61
2 111
1 163 183
2 56
1 66 119
1 60 65
2 69
2 119
1 23 47
2 28
1 7 124
2 53
1 10 23
1 20 121
2 115
2 167
1 29 145
2 209
2 206
1 29 184
1 96 209
2 32
2 206
2 7
2 106
2 84
1 43 158
1 81 160
2 78
1 107 176
2 84
1 64 175
1 92 167
2 33
1 118 135
1 70 132
2 124
2 42
1 9 101
1 73 135
2 4
2 162
1 87 115
1 187 199
2 71
1 27 30
2 63
2 85
2 111
2 107
1 102 172
2 41
2 108
2 59
2 13
2 175
1 69 125
2 50
2 164
2 198
1 46 79
1 67 147
1 92 178
2 7
2 142
2 138
2 146
1 60 74
1 43 179
2 63
2 183
2 29
2 93
1 125 166
2 193
2 72
1 50 193
2 157
1 176 184
2 56
1 100 135
2 45
2 108
2 84
1 58 131
1 17 182
2 179
2 130
1 183 192
2 178
2 178
2 201
1 67 179
2 170
1 140 208
1 121 183
2 89
2 147
2 8
1 88 95
2 145
1 15 74
2 150
2 43
1 46 107
1 20 142
1 68 192
2 99
1 105 138
2 112
2 13
1 34 37
2 209
2 163
2 203
2 6
2 69
2 95
1 20 158
1 80 186
2 186
2 99
2 62
2 29
2 72
2 96
2 197
1 11 177
2 35
2 177
1 136 156
2 207
1 17 57
1 80 138
1 74 146
1 133 154
2 52
1 28 29
1 41 44
1 11 77
2 137
1 111 183
1 81 150
2 111
2 182
1 76 159
1 55 61
2 3
1 115 125
1 111 181
2 204
2 109
1 23 195
2 2
2 175
1 113 138
2 179
1 53 89
2 55
1 92 135
1 70 172
1 126 186
1 73 151
1 13 24
2 54
1 155 160
2 55
2 122
2 88
1 36 131
2 86
1 80 179
2 45
1 74 102
2 39
2 171
2 53
2 52
1 39 106
2 28
2 141
2 93
1 129 200
1 46 193
1 66 132
2 122
2 131
2 39
2 64
2 197
2 203
2 171
2 181
2 164
2 24
1 159 196
1 22 115
1 86 206
1 135 188
2 3
1 11 190
2 12
2 48
1 63 180
2 7
1 55 66
1 40 203
1 48 70
1 11 72
1 47 118
1 25 47
2 182
1 19 137
2 197
2 48
1 73 163
2 4
2 88
1 3 196
2 19
2 202
1 110 163
1 4 60
1 68 108
1 23 122
2 204
2 119
2 196
2 107
2 107
2 60
1 49 204
1 77 201
1 135 151
1 154 176
2 157
1 89 195
2 107
1 14 54
1 90 117
1 25 199
1 96 143
2 76
2 186
1 21 206
1 7 189
2 23
1 95 111
1 118 203
1 90 103
2 89
1 118 165
1 1 137
1 42 53
2 62
1 39 174
2 76
2 138
2 133
1 75 192
2 69
1 71 169
2 206
2 7
2 38
2 72
2 208
2 31
1 50 153
2 192
1 169 192
1 153 207
1 12 142
2 200
1 59 173
2 47
1 141 163
1 73 173
2 205
1 90 205
2 30
2 117
2 156
1 9 180
1 7 97
2 50
2 65
1 25 62
2 140
2 207
2 114
1 105 174
2 157
1 73 145
1 127 207
2 42
1 17 75
2 61
1 149 199
1 179 190
2 151
1 128 146
1 24 129
2 179
2 68
2 6
2 78
1 75 158
1 46 199
2 162
1 184 205
1 56 179
1 5 82
2 80
2 41
2 211
2 174
1 146 184
2 156
2 130
1 24 160
2 207
1 32 115
1 69 204
2 100
1 25 81
2 176
1 173 193
1 37 108
1 67 112
2 29
2 186
2 137
2 108
1 198 210
2 190
2 2
1 72 179
1 40 110
2 165
1 57 136
2 111
2 172
2 186
1 35 157
1 17 190
2 5
2 184
2 171
1 12 210
2 113
1 82 141
2 73
1 42 206
1 73 202
2 112
1 22 171
1 39 82
2 9
1 91 199
1 97 174
1 62 156
1 47 151
1 48 208
1 29 117
1 65 197
1 12 56
2 6
2 209
1 61 122
1 15 49
1 6 117
2 11
1 89 172
2 109
2 89
2 191
1 37 145
1 15 173
2 195
1 174 179
2 75
2 49
2 45
1 41 60
2 44
1 87 126
1 62 178
2 24
1 85 101
2 138
2 118
1 44 47
2 187
2 24
2 159
2 102
2 159
2 7
1 82 181
1 28 133
1 24 87
1 105 189
1 121 171
1 45 199
1 151 198
1 55 70
1 36 40
2 54
1 50 118
1 88 176
1 184 205
1 85 138
1 27 77
2 206
1 5 148
1 52 55
2 7
1 141 203
2 150
2 112
1 47 70
1 2 150
1 54 140
2 124
2 190
2 98
2 8
1 89 121
2 130
1 140 175
1 20 151
2 64
2 14
1 108 141
2 113
1 116 117
2 119
1 2 61
1 99 137
1 89 170
1 71 189
1 14 19
2 192
2 30
2 9
1 34 194
2 78
1 157 209
1 21 208
1 60 101
2 209
2 123
1 4 69
2 186
1 121 194
1 56 110
2 176
2 32
1 27 152
2 115
2 104
1 85 168
1 151 158
1 2 205
1 8 69
1 10 100
1 38 67
1 88 168
2 12
2 30
1 13 131
2 53
2 141
2 199
1 53 94
2 106
1 9 83
1 95 145
2 101
2 58
1 25 26
1 88 117
2 132
2 104
1 98 122
2 166
2 45
2 196
1 112 187
2 96
2 87
2 74
2 183
1 134 182
2 101
2 66
1 17 197
1 94 149
2 18
2 24
1 180 202
2 108
2 91
1 59 156
1 162 191
2 31
1 19 76
1 141 169
1 54 57
1 1 168
2 190
1 15 140
2 65
2 45
2 34
2 149
2 163
1 52 199
2 100
1 55 130
1 150 157
1 152 179
2 102
2 166
1 7 173
1 129 129
1 53 124
1 172 182
1 155 167
1 28 159
1 7 199
2 204
1 19 21
2 19
2 45
1 15 118
2 59
2 105
1 145 185
1 32 53
1 81 84
1 18 140
2 93
1 106 184
2 172
2 122
2 116
2 149
2 71
2 35
2 117
2 168
1 128 193
2 131
1 53 69
2 62
2 170
1 51 177
1 65 125
1 94 108
1 7 177
1 115 149
1 113 169
2 196
1 24 141
2 74
1 140 204
1 24 108
2 64
1 125 162
2 138
2 28
2 18
2 81
2 1
2 98
2 203
1 83 154
2 20
2 99
1 172 197
2 79
2 123
2 22
2 74
1 29 53
1 3 195
1 33 86
1 76 175
2 125
2 63
2 83
1 24 189
2 121
1 24 183
2 89
1 22 180
1 86 169
2 158
2 96
1 81 86
2 88
1 63 177
2 179
1 143 161
1 119 159
2 77
2 106
2 146
1 80 85
1 47 95
2 93
2 164
1 72 111
2 84
2 50
1 117 153
2 205
2 16
2 211
1 189 195
1 68 105
1 39 140
2 93
1 157 170
2 24
1 126 182
1 63 81
1 42 118
1 55 119
1 142 186
1 3 51
2 117
1 91 139
2 136
1 39 106
1 101 150
1 35 73
2 104
1 24 78
1 9 162
2 44
1 106 154
2 190
2 163
2 94
2 134
2 129
2 180
2 210
1 110 185
1 85 191
1 100 187
1 138 200
1 25 168
1 105 158
2 184
1 127 144
2 119
1 26 159
2 206
1 15 177
2 19
1 137 144
2 129
1 120 121
1 84 115
1 11 75
1 88 179
1 54 116
2 134
2 7
2 127
1 14 39
2 106
2 181
1 43 194
2 62
2 135
2 124
2 26
2 74
1 52 74
2 82
1 102 188
2 4
1 5 64
2 190
2 80
2 155
2 155
1 12 26
1 16 119
1 180 204
2 192
2 208
1 86 161
2 194
2 150
1 51 152
2 77
2 122
1 90 93
1 73 141
1 9 130
1 97 196
1 33 156
1 49 94
2 24
2 101
2 66
2 13
2 128
2 4
1 51 123
2 147
1 28 51
1 55 96
1 17 41
2 128
2 169
2 89
1 39 201
2 154
2 117
2 23
1 81 149
2 143
2 140
2 12
1 9 79
1 91 129
2 89
1 120 204
2 194
2 37
2 83
2 27
2 157
2 43
1 24 109
2 114
2 106
2 202
2 85
2 7
2 207
2 110
2 123
2 124
2 73
2 114
1 101 190
2 80
1 155 164
1 22 64
2 120
2 79
1 13 59
1 154 202
2 102
1 123 196
2 74
1 127 137
2 154
2 137
2 42
1 6 84
1 9 40
1 1 111
2 141
2 157
2 115
1 80 126
1 174 203
1 11 136
2 22
1 123 137
2 150
1 156 196
2 111
2 149
2 208
2 30
1 146 194
1 10 108
1 86 176
2 54
2 19
2 160
2 188
2 34
2 17
1 2 169
1 57 139
1 43 44
1 15 183
1 57 73
1 16 188
1 5 16
1 11 29
1 39 153
2 208
2 37
2 16
2 158
1 185 210
1 8 96
1 159 180
2 112
2 165
2 90
1 5 31
2 53
1 13 50
2 100
1 130 168
1 153 177
1 17 176
1 98 197
2 195
1 61 196
2 207
2 51
1 59 160
2 139
2 105
2 141
2 150
1 7 99
2 199
2 92
1 9 12
1 24 151
2 25
2 182
1 36 169
2 117
2 162
1 65 202
1 89 193
2 139
1 19 153
1 60 150
1 46 176
1 82 122
1 169 207
2 89
2 37
1 41 144
2 209
2 35
1 85 172
1 32 132
2 19
1 29 75
1 88 102
2 10
1 140 176
2 63
1 96 202
1 54 188
2 60
2 40
2 123
1 107 130
1 49 55
2 69
1 55 161
2 107
2 22
1 87 92
1 149 186
2 141
1 4 20
1 64 167
2 139
2 201
1 40 156
1 36 89
1 66 100
2 103
2 174
2 207
2 6
1 65 101
2 191
2 138
2 57
1 74 192
1 90 135
1 37 50
1 160 185
1 150 200
2 160
1 44 105
1 25 26
1 10 170
1 41 196
2 126
1 69 94
2 164
2 180
2 106
2 143
1 14 160
1 89 165
2 191
1 124 208
1 123 202
1 72 129
2 98
1 145 151
1 49 155
2 199
1 79 140
1 87 108
2 85
2 183
2 153
2 152
1 19 127
1 34 187
2 154
1 26 188
1 96 204
1 28 181
2 21
1 36 82
1 198 204
1 96 171
2 26
2 99
1 32 165
1 144 165
1 135 162
2 8
1 41 53
1 129 156
2 22
1 28 174
1 11 178
2 135
1 93 140
1 177 205
2 42
2 143
1 18 90
2 61
1 53 76
1 18 196
2 190
1 113 175
2 199
1 52 150
1 60 62
2 34
2 19
1 109 128
1 132 189
1 132 150
2 136
1 84 129
1 95 132
2 179
2 91
1 83 108
1 44 172
1 75 123
2 199
2 136
1 135 187
1 65 197
1 150 164
2 193
2 54
1 105 184
2 30
2 48
1 9 53
2 36
2 94
1 27 53
1 117 142
1 111 124
1 11 211
1 66 179
2 147
2 9
2 52
2 150
2 43
1 71 168
1 35 84
2 101
1 29 141
1 158 187
2 208
1 62 114
1 146 187
2 51
1 84 88
2 16
1 92 161
1 123 187
2 19
1 140 211
1 75 181
2 39
1 100 114
1 6 42
1 164 204
2 130
2 183
2 17
2 100
2 29
1 117 162
1 22 87
1 91 111
2 139
1 41 118
1 82 99
2 173
2 210
2 84
2 135
1 46 47
2 124
2 91
1 12 55
2 161
2 165
1 99 126
1 20 24
1 4 32
2 203
1 13 104
2 150
1 96 148
2 165
1 90 203
2 123
2 71
1 7 131
2 12
1 66 200
1 65 111
1 163 191
2 123
1 11 106
1 32 76
2 29
2 113
2 178
1 104 199
1 36 112
2 108
2 15
2 204
2 153
2 178
2 139
1 131 157
2 95
2 168
1 95 147
1 162 206
1 10 90
1 122 141
1 135 135
2 173
1 74 181
2 118
1 88 156
2 103
1 9 146
1 13 53
1 112 139
2 179
2 172
2 177
1 115 134
2 42
1 64 186
1 57 186
2 104
2 94
2 29
2 37
1 13 108
1 24 91
2 104
2 159
1 9 88
1 49 186
2 16
1 94 174
1 85 100
2 104
2 8
2 72
2 10
1 78 119
1 15 42
2 166
2 71
2 44
2 187
1 30 167
1 29 75
2 23
1 97 158
1 25 111
2 37
1 101 168
1 79 210
2 153
2 164
1 134 170
1 23 80
1 182 211
1 65 177
2 102
1 113 115
2 51
2 100
2 28
2 166
1 123 154
2 73
2 182
2 106
1 132 170
2 138
1 129 177
1 155 204
2 139
2 140
2 167
2 57
1 151 201
2 195
2 136
2 55
1 8 89
2 140
2 138
1 126 157
2 149
2 187
2 8
2 134
1 75 179
1 71 210
2 7
2 129
1 160 182
1 77 160
1 9 94
1 3 187
2 192
2 203
1 160 162
1 71 79
2 120
1 179 181
2 156
1 28 108
1 11 12
2 59
2 102
2 175
1 104 151
1 103 173
1 45 49
1 30 53
1 40 60
2 55
1 119 120
2 112
1 16 38
2 58
2 16
2 12
2 40
2 5
2 83
2 202
2 160
2 95
1 101 166
1 118 187
2 198
1 25 155
2 8
1 36 62
2 26
2 147
2 91
2 55
1 45 186
1 40 171
2 104
2 137
1 153 183
1 24 119
2 121
1 35 94
2 99
2 125
1 17 20
2 94
1 92 122
2 121
2 56
1 91 95
1 3 204
1 133 199
2 147
1 37 124
2 55
1 33 114
1 65 134
1 48 55
2 95
1 3 210
1 33 170
2 67
2 88
2 34
2 110
1 79 116
2 144
1 27 205
2 98
1 24 59
1 39 200
2 75
2 197
1 148 197
1 106 132
2 71
2 72
1 65 106
1 195 203
1 55 123
2 94
1 53 157
1 106 161
1 30 102
1 36 66
2 79
2 20
2 177
1 25 132
1 7 27
2 131
2 61
2 86
2 42
1 79 152
1 11 178
2 96
1 10 29
2 38
1 124 170
2 105
2 88
1 116 203
2 144
2 114
1 56 62
1 132 204
2 189
2 206
1 46 192
2 177
1 104 197
2 141
1 55 149
1 34 166
1 57 103
1 26 162
2 48
2 96
1 21 165
2 29
1 108 172
2 207
2 154
1 46 183
2 48
2 198
1 116 138
2 159
2 144
2 168
1 141 165
2 189
1 14 23
2 210
2 95
1 136 138
2 11
2 25
2 115
1 10 30
1 70 159
2 31
2 41
2 165
1 142 198
1 56 102
1 96 141
1 42 62
1 50 157
1 8 177
2 62
1 105 185
2 30
1 104 177
2 185
2 56
1 168 169
1 19 56
2 16
1 48 102
2 145
1 4 194
1 88 175
1 68 164
2 4
1 84 175
1 188 199
2 30
1 82 188
1 72 154
1 126 131
1 147 160
1 33 147
2 116
2 66
1 45 196
