446 6922
2 227
1 48 380
2 49
1 139 403
2 443
1 101 132
2 399
2 67
2 346
2 204
2 226
2 89
2 212
1 20 131
2 93
1 111 301
2 390
2 31
1 405 428
2 323
1 105 351
1 356 415
1 48 163
1 7 76
2 47
2 408
1 72 252
1 246 396
2 292
2 201
1 119 162
2 390
1 112 138
1 215 338
1 245 249
2 106
1 303 402
2 214
2 227
2 432
2 175
1 36 199
1 173 273
2 327
1 245 321
1 85 385
2 95
1 16 131
2 20
1 280 424
2 210
2 333
2 419
2 200
1 194 326
2 290
1 195 294
2 50
1 38 54
1 255 319
1 201 249
2 390
2 37
2 299
2 170
2 336
2 143
1 331 365
1 118 121
1 123 341
2 250
1 167 319
2 31
2 38
2 196
2 249
2 51
1 231 373
1 94 224
1 40 87
2 312
2 409
1 194 420
1 260 417
1 99 437
2 344
1 375 443
1 65 111
1 49 191
2 432
2 274
2 51
1 106 204
2 17
1 303 423
1 87 293
1 22 359
1 87 439
1 59 246
1 23 72
2 250
2 401
1 44 195
2 279
2 71
1 342 442
2 318
1 244 340
2 151
1 5 283
1 19 349
2 238
1 265 340
1 259 370
1 171 336
1 55 146
2 2
2 211
1 335 375
2 63
1 67 141
1 317 430
1 300 371
2 218
2 51
2 354
2 248
1 172 267
2 292
1 120 225
1 279 299
2 111
1 101 340
1 163 390
1 63 80
1 124 404
2 266
1 147 193
1 175 236
1 110 139
1 180 396
1 196 217
1 61 163
2 398
2 273
2 212
1 301 333
2 420
2 283
2 328
1 179 441
2 172
1 63 233
2 87
1 11 256
1 72 104
2 303
1 315 440
1 66 365
2 350
1 47 346
1 2 295
2 26
2 398
1 79 196
2 94
1 36 351
2 379
1 35 413
2 435
1 322 403
1 106 327
2 76
2 425
2 99
1 342 446
1 331 379
1 154 195
1 182 405
2 10
2 189
2 276
1 251 390
2 36
2 428
2 411
1 263 385
2 421
1 168 260
2 62
1 85 430
2 429
1 13 146
1 181 409
1 245 327
1 176 355
1 30 240
1 40 180
1 18 342
2 129
1 125 199
2 156
2 299
2 175
2 168
2 15
2 348
2 286
2 373
1 78 223
1 83 398
1 166 358
2 40
2 428
1 314 440
1 169 191
2 223
1 38 330
2 205
2 298
1 39 367
2 187
1 242 295
1 13 184
1 40 367
2 235
2 295
1 2 38
2 434
2 117
2 431
2 402
2 108
2 218
2 70
1 54 196
2 102
2 29
1 160 236
1 182 217
1 40 425
2 212
2 397
2 198
2 23
2 333
2 227
2 338
2 267
2 323
1 51 132
2 318
2 404
1 91 406
2 28
1 41 181
2 16
1 220 317
2 246
2 293
2 292
2 426
2 60
2 116
2 445
1 236 250
2 426
2 431
1 291 309
2 375
2 182
2 83
2 107
1 213 327
2 194
2 239
1 38 244
2 311
2 166
2 155
2 373
1 118 323
2 416
2 113
2 273
1 220 362
1 348 417
2 356
1 19 49
1 104 386
1 90 291
1 9 214
1 106 304
2 267
1 303 348
2 90
2 407
2 134
2 445
1 46 324
2 244
1 77 243
1 347 439
1 1 383
2 426
2 283
2 169
2 93
2 272
2 114
1 120 225
1 282 301
2 56
1 11 256
1 101 332
2 124
2 275
1 44 91
1 73 290
2 106
1 25 118
1 85 359
1 181 218
2 303
2 367
1 231 232
2 420
1 8 46
1 15 90
1 284 288
1 47 352
2 126
2 174
2 6
2 263
2 369
2 125
2 259
1 122 424
2 288
1 90 180
1 104 140
2 249
1 122 176
2 179
2 391
2 233
1 184 241
1 89 109
1 59 167
2 51
1 274 368
1 20 304
2 273
2 276
2 240
2 342
2 424
2 379
1 151 272
1 203 388
1 104 369
2 164
2 87
2 213
2 172
2 304
2 202
2 173
2 412
1 111 264
1 47 166
2 226
2 435
1 168 368
2 82
1 222 244
2 322
2 243
2 57
2 72
2 190
1 299 327
2 199
2 241
1 53 93
2 48
1 25 172
2 271
1 83 417
2 242
2 269
1 320 424
1 149 424
1 107 188
1 320 347
1 286 302
1 190 334
2 92
2 203
1 225 272
1 405 443
1 57 290
2 104
1 309 337
2 292
1 29 222
1 100 202
2 296
2 153
1 14 421
2 57
2 426
1 62 220
2 272
2 408
1 351 446
1 73 305
2 405
1 82 131
2 72
1 195 284
1 81 210
1 2 398
1 173 375
2 65
1 47 437
1 92 123
1 295 295
2 274
2 201
1 249 325
2 62
2 160
1 325 384
1 86 267
2 175
1 37 425
2 40
2 72
2 2
2 298
1 8 244
2 222
2 107
2 119
2 368
2 427
2 184
1 45 288
1 4 215
2 142
2 262
1 137 257
2 63
1 224 376
1 237 403
2 409
2 66
2 103
1 256 327
1 9 145
1 2 106
2 113
1 220 279
2 407
2 261
1 59 392
1 294 366
1 92 190
1 8 159
1 161 367
2 243
2 53
1 48 177
2 251
1 117 237
2 165
1 8 243
2 227
2 329
1 238 295
1 256 441
2 37
1 336 353
2 121
2 310
1 391 443
2 40
1 85 213
1 157 400
1 230 423
1 35 252
2 213
2 438
1 20 312
1 323 401
2 402
2 146
2 257
2 235
1 152 294
1 318 388
2 80
1 32 74
2 86
2 39
2 397
1 166 363
1 133 417
1 40 313
2 32
1 235 309
1 88 227
2 62
2 12
1 16 147
1 180 426
2 120
1 51 345
1 39 115
2 209
2 342
2 74
2 410
2 139
2 437
1 27 91
1 3 411
2 215
1 75 158
2 190
1 400 406
1 166 272
1 115 286
2 137
2 138
1 16 309
2 360
2 242
1 188 297
1 263 404
2 229
2 377
2 375
2 115
1 114 395
1 348 411
2 183
1 19 268
2 295
1 166 321
1 230 417
1 54 307
2 20
2 276
2 52
2 358
1 68 311
2 340
2 392
2 425
1 105 234
2 134
1 92 153
1 143 386
2 99
2 39
1 11 106
1 320 380
1 308 383
2 44
2 327
1 66 131
2 157
1 344 368
2 390
2 4
2 288
1 74 114
1 338 353
1 108 415
2 193
2 149
2 153
2 256
2 80
1 227 402
1 65 424
1 229 395
1 56 74
1 376 408
1 8 343
1 57 134
1 76 281
2 399
1 250 358
1 223 382
1 66 284
1 46 255
2 121
1 259 382
1 124 333
1 374 420
2 5
2 170
2 17
2 147
1 278 430
2 417
1 39 59
1 44 265
2 134
1 134 236
1 342 352
2 386
2 234
1 21 445
1 230 346
1 292 403
1 51 176
2 186
2 279
2 46
1 337 352
1 371 395
2 149
2 302
1 125 306
1 145 204
2 40
1 211 271
2 394
2 36
1 127 443
2 345
1 74 282
1 23 288
1 34 140
2 301
1 231 385
1 168 271
1 151 304
2 396
1 73 95
2 173
2 341
1 116 318
2 162
2 135
2 406
1 79 217
1 35 57
2 171
1 39 443
1 32 183
2 126
2 273
2 426
1 7 362
2 396
2 107
1 35 327
2 302
1 286 293
2 390
2 296
2 114
2 246
1 47 266
1 334 390
1 45 65
1 73 405
1 254 303
2 192
2 159
2 314
1 132 416
1 296 325
2 153
1 181 398
2 66
2 427
2 183
2 52
1 89 187
1 129 161
2 434
1 18 446
2 330
2 259
1 302 387
1 179 301
1 196 281
2 148
2 205
2 87
2 397
2 71
2 420
1 299 363
2 298
1 77 193
1 72 186
2 39
2 269
2 349
1 197 408
1 153 299
1 193 202
2 127
2 132
2 270
1 38 273
1 200 276
1 77 181
2 50
2 403
2 155
1 127 420
2 182
1 76 94
2 106
1 42 101
1 33 123
1 285 398
1 47 174
1 139 153
2 158
2 311
2 106
2 374
2 40
2 124
2 73
1 325 433
1 40 87
2 129
2 330
1 159 344
2 420
1 61 246
2 4
1 68 385
2 50
2 115
2 128
1 250 391
1 347 412
1 87 147
2 178
1 178 252
1 224 401
1 11 100
2 107
2 436
1 255 391
2 194
1 176 189
1 189 243
1 233 309
2 93
1 159 175
2 257
1 256 414
1 274 335
2 360
1 216 424
1 290 362
1 140 194
2 271
1 43 284
1 66 382
2 252
2 253
1 112 237
1 198 237
2 398
2 89
1 85 186
2 33
1 214 315
2 133
2 190
1 123 381
1 41 363
2 422
1 194 276
1 146 327
2 187
2 429
2 172
2 221
1 256 278
2 418
1 63 386
2 259
1 85 302
1 63 215
1 246 264
1 321 408
2 134
1 52 68
1 54 160
2 174
1 172 325
2 314
2 5
1 230 373
2 230
1 72 227
1 149 168
1 148 231
2 382
1 58 240
1 67 107
1 320 349
1 162 247
1 62 370
1 226 291
1 225 404
1 127 328
1 32 335
1 107 338
1 283 354
1 101 319
2 420
2 325
2 354
2 186
2 385
1 122 178
2 6
1 7 58
1 415 442
2 344
1 109 221
2 282
2 102
1 256 388
2 393
1 226 243
2 90
1 32 356
1 234 403
2 290
2 152
2 105
1 90 139
1 29 181
2 318
2 168
2 216
1 32 196
2 357
1 47 166
2 204
1 44 182
2 168
2 40
2 413
2 330
1 295 319
2 296
2 163
1 96 157
1 147 352
1 326 357
1 262 351
2 50
2 128
1 296 341
2 284
2 28
2 351
2 270
2 309
2 378
2 57
2 263
1 41 99
1 283 379
2 44
2 152
2 228
1 221 368
2 158
2 32
2 82
1 143 347
1 20 384
2 3
2 53
1 89 425
1 179 181
2 390
2 400
2 332
1 207 318
1 46 94
1 232 318
2 387
1 142 427
1 106 425
1 201 228
2 313
2 112
2 406
2 134
1 102 145
2 21
1 191 358
2 167
1 85 165
2 64
2 140
2 437
1 94 337
1 35 278
1 13 355
1 201 325
1 2 284
1 218 346
2 391
1 39 100
2 345
2 434
2 237
2 210
1 6 169
1 158 223
2 305
1 34 53
1 355 438
1 101 335
2 413
2 385
1 178 275
2 262
1 184 358
1 57 424
2 261
1 422 442
2 198
1 62 289
1 8 239
1 310 383
2 205
2 267
1 237 340
1 181 393
2 419
1 218 416
2 296
1 19 332
2 73
2 369
2 253
2 148
2 234
1 114 216
1 316 317
1 139 162
2 204
1 213 233
1 51 349
2 271
1 81 291
1 8 357
1 207 380
2 426
2 369
1 310 389
1 52 60
2 327
1 208 263
2 435
1 48 428
2 329
1 83 322
2 377
1 90 241
1 167 269
2 240
2 83
2 234
1 226 288
1 238 283
1 299 342
2 328
1 373 417
2 8
1 76 301
2 308
1 196 279
1 120 405
1 236 376
2 164
2 80
1 110 172
1 99 179
2 89
1 154 243
2 346
2 312
1 318 432
1 32 293
1 317 367
2 371
1 238 434
1 20 238
1 84 388
1 109 391
1 103 171
2 329
1 7 240
2 388
2 373
1 17 42
1 51 205
1 200 249
2 137
2 396
1 211 359
2 232
1 64 144
2 401
1 282 386
1 355 356
1 28 378
1 85 238
2 371
2 227
1 41 108
2 310
1 16 191
2 293
1 405 425
2 343
1 206 354
1 195 231
1 112 213
2 51
1 372 395
1 130 292
1 300 300
1 239 425
2 387
2 24
2 75
1 29 35
2 201
1 39 156
1 156 337
2 104
2 387
2 419
1 2 384
1 12 40
2 260
1 331 341
1 375 416
2 255
2 153
1 346 350
2 435
1 152 303
2 13
1 36 432
2 230
2 275
1 24 435
2 209
1 265 371
2 17
1 213 316
1 115 129
1 10 413
1 30 100
2 240
1 142 397
2 244
2 394
2 87
1 82 441
2 282
1 28 241
1 164 383
1 115 274
2 198
1 2 152
1 344 370
2 268
1 1 319
2 409
1 373 397
2 410
1 266 353
1 344 402
2 57
1 98 219
2 178
2 192
1 78 128
1 76 127
1 161 249
1 31 119
1 81 178
2 231
2 140
2 68
2 130
2 402
2 403
2 316
2 226
1 216 324
1 182 317
1 50 259
2 145
1 170 370
2 320
2 365
1 216 287
1 253 442
1 263 264
1 34 380
2 433
2 251
1 303 429
2 300
1 63 178
2 52
1 72 122
1 122 140
2 324
1 313 446
2 9
1 96 251
2 220
2 392
1 203 406
2 305
2 155
2 88
2 9
2 34
1 119 131
1 3 334
1 3 65
1 362 369
2 240
1 129 296
2 24
1 138 277
1 59 432
2 324
1 13 37
1 18 346
1 68 297
1 44 394
1 205 441
1 61 285
2 82
2 67
1 126 392
1 69 259
1 10 267
1 3 55
2 212
2 99
2 92
1 205 226
2 328
1 262 285
1 340 428
1 82 318
1 100 235
1 120 124
1 180 311
1 229 344
2 441
2 410
1 86 250
2 146
2 1
2 5
1 184 389
1 73 155
1 170 404
2 367
1 38 439
2 400
2 26
1 219 275
2 423
1 5 112
1 389 426
2 241
1 100 442
1 142 305
1 6 154
1 168 288
2 1
1 304 396
2 155
1 177 206
1 392 424
2 434
2 281
2 322
2 202
1 53 384
1 103 399
1 283 445
1 104 348
2 34
1 337 428
2 140
1 9 122
2 430
1 119 265
2 422
1 42 42
1 23 369
2 340
2 390
2 201
1 203 325
1 64 180
1 4 257
1 7 438
2 334
2 274
1 123 217
2 98
2 143
1 197 304
1 158 214
2 227
1 140 413
2 339
1 77 442
2 127
2 225
2 168
1 64 399
1 128 288
1 56 413
1 99 373
2 442
1 300 314
1 347 384
1 97 150
2 190
1 199 351
2 389
1 20 326
1 227 259
1 3 124
2 306
2 46
1 161 388
2 319
2 2
1 185 266
1 19 287
1 111 359
1 237 278
1 175 439
2 200
1 100 312
2 85
2 30
2 209
2 87
2 46
1 208 278
1 39 159
1 233 389
1 34 50
2 382
2 190
1 83 319
2 118
1 68 361
2 138
1 288 433
1 71 73
2 427
2 354
1 38 417
1 198 325
1 197 295
2 84
1 200 282
1 205 401
2 105
2 218
1 66 86
1 127 392
1 284 420
2 284
2 302
2 64
1 172 368
2 381
1 116 153
1 37 251
1 9 153
2 64
2 70
1 272 300
2 194
1 36 422
2 215
1 270 274
2 417
1 321 446
2 110
1 22 216
1 126 275
1 15 362
2 211
1 149 348
1 76 253
2 382
2 87
1 9 439
2 393
2 121
2 343
1 34 252
2 428
2 165
2 154
2 405
2 438
1 264 301
1 72 142
1 252 332
1 211 213
1 315 368
2 352
1 228 417
1 4 229
1 3 421
1 91 402
2 167
2 125
1 82 444
2 137
2 204
2 257
2 195
1 20 275
1 269 271
1 233 301
2 202
2 204
1 78 194
2 46
2 398
1 278 315
2 287
2 410
1 250 398
2 272
2 29
2 170
2 134
1 428 446
1 258 260
1 100 106
1 201 366
2 262
1 172 277
1 92 387
2 203
1 218 221
1 77 257
2 109
2 382
2 2
2 301
2 333
2 261
1 66 439
2 228
2 365
2 142
1 136 194
2 422
2 246
1 75 230
2 161
2 216
1 13 28
1 227 362
2 372
1 284 386
1 212 354
2 234
1 48 232
1 284 315
2 320
1 162 197
2 140
2 180
1 24 301
1 272 303
2 429
2 441
2 71
1 334 369
2 250
2 136
1 17 319
1 141 156
1 44 202
1 70 291
2 249
2 317
2 322
1 246 344
2 275
2 211
2 304
2 136
2 272
2 199
2 302
1 28 134
2 285
1 155 406
1 220 415
2 30
2 98
2 65
2 155
1 146 280
2 322
2 289
1 109 176
2 265
2 166
2 369
1 47 78
1 28 425
2 346
1 48 289
2 237
1 202 421
1 361 412
2 243
1 112 442
1 270 380
2 122
1 260 311
2 251
2 216
2 142
2 261
2 108
1 109 421
1 221 413
1 232 412
2 61
2 175
1 148 270
2 45
2 425
1 271 341
1 10 247
2 230
2 384
1 81 177
2 291
1 117 393
1 109 251
1 45 64
1 38 366
1 187 295
1 171 277
1 128 225
1 112 346
2 265
1 196 415
2 144
2 171
1 251 316
1 39 165
2 50
1 1 88
1 30 396
1 51 337
1 78 115
2 442
2 10
1 269 443
2 404
1 185 338
1 162 173
1 139 395
2 3
2 102
2 246
2 166
1 195 266
2 100
1 19 319
1 30 78
2 356
1 188 193
2 319
2 403
2 140
1 224 245
1 5 104
1 163 250
1 277 395
2 214
1 148 259
1 18 318
2 405
1 234 306
2 23
2 203
1 117 435
2 209
2 207
1 195 249
2 83
2 260
2 188
2 243
2 306
1 4 245
1 239 253
2 21
2 129
2 267
1 120 243
1 306 321
1 99 189
1 27 316
2 328
1 325 417
2 86
2 331
1 69 128
2 179
1 309 354
1 93 330
1 75 204
1 177 265
1 7 270
2 424
2 87
2 365
1 47 263
2 219
1 75 430
2 274
1 66 316
1 43 233
1 218 288
2 95
2 230
1 230 246
1 288 380
2 205
2 364
1 9 269
2 283
1 315 391
2 240
1 315 359
1 149 373
1 35 387
2 281
2 277
2 414
1 387 420
1 312 313
1 85 180
1 77 392
1 51 151
1 57 383
1 249 440
2 414
2 45
2 102
1 259 409
1 277 320
1 107 204
1 55 71
2 339
2 389
1 272 395
1 154 239
1 19 68
2 38
2 231
1 41 173
1 270 430
2 62
2 366
2 393
2 389
1 239 331
1 59 61
1 126 379
2 33
2 136
2 422
2 370
2 8
1 149 242
1 131 354
1 178 398
2 171
1 161 294
1 3 273
1 206 273
1 75 125
2 66
1 1 293
2 269
1 75 87
1 76 142
1 144 376
2 166
1 168 201
1 362 401
2 426
2 93
1 51 160
1 64 203
1 50 91
2 11
1 207 284
1 230 422
1 231 371
2 122
1 65 348
1 88 275
1 122 305
1 109 125
2 342
2 273
2 189
1 204 263
1 24 373
1 47 323
2 385
1 305 428
2 363
2 327
1 101 405
2 206
1 6 266
1 215 368
1 130 132
1 220 324
2 140
2 142
2 116
1 154 333
2 341
1 171 420
2 402
2 135
2 308
1 78 221
1 73 268
1 127 205
2 54
1 23 136
2 442
1 310 441
2 24
1 350 434
1 17 69
2 445
1 290 424
1 56 270
2 368
1 310 410
2 282
1 70 263
1 188 252
2 100
2 69
1 19 260
2 113
1 269 382
1 294 406
2 56
2 225
2 62
2 57
2 411
2 349
2 196
2 324
1 294 349
2 200
2 438
2 189
2 376
1 175 389
2 280
1 27 390
1 101 304
2 233
2 295
1 383 402
2 189
1 352 417
2 203
1 397 410
2 402
1 99 441
1 64 389
2 214
2 267
1 64 290
1 261 416
2 41
1 40 101
2 160
1 109 404
2 271
1 71 431
1 329 331
1 291 348
1 10 166
1 259 424
1 87 264
2 2
1 55 265
1 214 351
1 231 337
2 156
2 410
2 246
2 369
2 81
1 53 224
2 125
2 134
1 156 292
2 248
2 401
2 92
2 312
2 364
2 297
1 244 314
1 16 429
2 66
2 422
2 294
2 202
1 178 268
1 132 264
2 117
1 154 400
2 311
2 181
1 231 405
1 188 340
2 71
2 389
2 271
1 37 363
2 220
1 324 428
1 48 108
1 69 393
2 410
1 127 365
2 136
2 231
2 327
2 161
1 80 207
2 187
2 193
1 150 398
2 270
2 135
2 111
1 344 444
2 179
2 107
1 43 404
1 132 355
2 230
2 135
2 357
2 319
2 124
2 130
1 227 381
1 16 90
2 84
1 94 408
2 217
1 150 263
1 89 170
1 2 119
2 297
1 3 412
2 185
2 441
1 181 227
2 187
2 393
1 1 284
1 97 160
2 136
2 82
1 42 113
2 334
1 277 430
1 74 102
2 211
2 120
1 289 419
1 26 366
2 5
2 125
1 39 168
2 286
1 58 66
1 118 231
1 5 38
1 255 330
2 393
2 96
1 154 441
2 245
2 368
1 52 188
1 272 316
1 263 288
1 56 71
1 267 302
2 6
1 136 352
1 53 120
2 197
2 20
1 70 435
1 184 407
2 259
1 88 342
2 274
2 431
2 390
1 113 187
1 7 41
2 125
2 304
2 123
2 74
1 27 121
1 9 155
1 104 402
2 36
2 108
1 48 172
1 143 361
1 231 239
1 406 435
2 27
2 218
2 229
2 189
1 340 387
1 349 407
1 308 439
1 277 397
1 189 395
1 149 273
2 24
2 84
1 322 382
1 233 404
2 431
2 320
2 51
2 126
2 344
1 266 333
2 151
2 51
1 259 314
2 378
2 248
2 389
1 36 268
2 165
1 408 444
1 44 136
2 341
1 15 308
2 201
1 52 444
2 225
2 343
1 120 158
2 84
1 20 289
2 302
2 58
2 44
1 138 330
2 154
1 114 144
2 175
2 321
2 159
1 97 155
2 57
2 204
2 269
1 342 402
2 87
2 131
2 253
2 1
2 20
2 140
1 208 304
1 132 357
2 112
2 331
1 171 355
2 160
2 331
2 95
1 250 400
2 141
1 235 309
2 95
1 72 427
1 41 279
1 380 443
1 66 341
1 122 378
2 232
1 83 409
1 122 325
2 36
2 232
1 14 296
1 330 437
1 99 402
1 24 366
2 166
1 23 203
2 62
1 259 396
1 111 385
1 22 420
1 177 402
1 364 417
2 446
1 58 67
1 137 303
1 86 145
2 19
1 187 365
1 318 392
1 175 222
1 155 235
2 371
2 23
1 243 386
1 219 294
1 239 358
1 231 327
1 174 198
1 198 367
1 148 295
1 122 249
2 397
2 220
1 193 388
1 131 198
2 118
1 298 325
1 163 442
2 284
1 116 280
2 204
2 266
1 215 377
2 189
1 163 408
2 406
2 404
1 58 243
1 262 426
1 167 313
1 317 377
2 286
2 212
2 76
2 2
2 52
2 332
1 130 244
1 202 410
2 287
1 175 324
2 115
2 381
2 397
1 168 324
2 69
1 274 443
1 115 354
2 292
2 198
2 132
1 67 254
1 164 304
2 224
2 175
1 17 313
1 192 357
2 258
1 142 356
2 112
1 151 348
1 220 400
1 89 304
2 372
2 34
2 50
2 240
1 69 127
2 24
2 245
2 388
2 360
2 247
1 72 185
1 112 438
1 358 446
1 75 306
2 368
1 197 385
1 70 379
1 248 381
1 256 338
2 22
1 307 311
1 277 378
2 431
1 5 144
2 136
1 10 78
2 99
1 177 259
2 298
2 30
2 340
2 330
2 327
1 187 251
2 419
1 66 344
2 349
2 143
1 3 194
2 318
2 114
1 136 175
2 194
1 105 194
2 348
2 409
2 335
2 321
2 328
1 78 414
1 348 394
2 64
2 105
1 190 286
2 15
1 76 212
2 138
1 49 135
1 36 154
2 338
1 267 429
1 62 399
2 125
2 226
2 176
2 172
2 204
1 185 391
2 288
2 415
1 204 267
2 371
2 198
2 124
2 57
2 217
1 26 222
2 426
2 337
2 238
1 143 372
2 83
2 60
2 137
2 335
1 267 424
2 434
2 407
2 279
1 367 369
1 293 324
2 252
2 3
2 69
1 183 277
2 308
2 176
2 112
1 242 437
1 286 429
2 155
1 195 284
2 198
1 81 412
2 75
2 348
1 276 300
2 272
2 103
1 138 241
1 44 265
1 30 364
2 420
2 92
1 187 189
1 34 99
2 408
2 345
2 232
1 136 272
2 194
2 88
2 306
2 175
2 126
1 39 266
2 417
2 366
2 113
1 185 445
2 246
2 8
1 25 414
1 26 224
1 250 358
1 204 409
1 219 257
2 335
1 64 331
2 341
1 405 424
2 121
1 78 331
1 79 392
1 85 224
1 145 282
1 165 288
2 343
2 112
1 227 324
1 125 153
1 158 338
1 21 173
2 404
2 262
2 240
2 128
2 426
2 235
2 191
1 275 384
2 390
2 2
2 116
1 17 235
1 222 274
2 73
1 359 387
1 40 401
2 262
1 170 350
1 94 428
2 121
2 94
1 61 282
1 199 216
1 2 249
2 46
1 47 137
1 1 236
2 261
1 315 345
2 341
2 108
1 14 377
2 440
1 60 281
2 245
1 371 418
2 299
2 81
1 12 322
1 40 398
2 167
1 70 70
1 283 287
1 369 418
1 224 283
2 397
1 389 415
2 193
1 67 131
2 35
2 322
1 138 431
2 97
2 65
2 436
2 74
1 219 277
2 125
1 439 441
1 249 419
1 309 374
1 21 134
2 116
2 347
2 208
1 99 119
1 173 217
1 28 171
2 157
2 67
2 286
1 177 436
2 72
2 300
2 387
2 281
2 98
2 129
2 21
1 82 351
1 118 356
2 115
1 207 434
2 268
2 191
2 53
2 41
1 45 86
2 370
2 280
1 164 168
2 43
2 346
2 261
1 140 267
1 150 356
1 276 378
1 185 327
2 246
2 64
1 282 301
2 214
2 225
1 148 178
2 278
2 207
1 36 154
1 139 313
1 30 125
2 3
2 35
2 3
1 20 284
1 69 257
2 386
1 213 265
1 362 393
2 365
1 16 193
1 16 171
2 424
2 328
2 227
1 292 370
1 257 361
2 166
2 131
2 213
1 348 351
2 124
1 5 142
1 37 231
2 404
1 47 122
2 184
2 29
2 95
1 300 443
2 83
2 9
1 44 233
2 303
2 178
2 66
2 281
2 227
2 51
1 165 263
1 300 398
1 250 328
1 106 353
2 107
1 149 366
1 177 243
2 312
1 158 303
1 126 440
1 40 370
2 41
2 30
1 74 265
2 158
2 350
2 422
2 147
1 70 317
2 187
1 132 198
2 207
2 367
1 76 343
1 92 109
2 138
2 344
1 9 38
1 175 221
1 234 313
1 11 43
1 62 84
1 126 253
1 83 273
2 91
1 13 182
1 69 405
2 298
1 229 238
1 74 205
1 148 209
1 63 371
1 293 347
2 326
1 419 425
1 18 62
1 76 347
2 333
1 302 318
2 165
2 174
2 192
2 266
1 98 354
2 293
2 160
1 240 441
1 144 165
2 260
2 225
1 58 254
2 63
2 271
2 437
2 362
2 312
1 36 210
1 234 399
1 268 375
2 339
2 41
1 133 232
2 274
1 11 298
1 54 159
2 210
1 302 323
1 218 289
2 222
2 281
2 67
1 123 356
1 5 55
2 307
1 117 416
2 13
2 354
1 289 362
1 172 416
1 228 424
1 53 288
2 398
2 233
1 65 190
2 149
1 126 139
1 240 259
1 107 330
2 20
2 23
1 169 218
2 346
2 82
2 379
1 101 152
1 384 429
1 53 285
2 259
1 18 41
1 43 372
2 409
1 1 148
2 433
1 10 384
2 421
1 94 439
1 56 415
1 319 416
1 240 366
1 138 361
1 102 415
2 195
1 13 118
2 76
1 217 323
1 258 412
2 303
2 285
1 102 254
2 315
1 329 359
1 268 321
1 84 261
1 204 254
2 385
2 404
2 58
1 28 321
2 305
2 94
2 387
2 271
2 94
1 201 389
2 318
1 164 362
2 147
1 2 110
1 258 260
1 203 285
1 4 35
2 442
1 132 142
1 171 183
1 283 433
1 72 72
2 134
2 132
2 16
2 291
1 6 237
1 48 291
1 174 282
1 117 409
1 351 409
2 254
1 171 270
1 5 401
1 146 434
2 369
1 153 343
1 143 216
2 274
1 399 416
2 277
1 93 206
1 173 356
1 60 396
1 13 271
1 153 179
2 102
2 8
1 166 269
1 120 376
2 267
1 309 362
1 160 377
1 276 282
2 170
1 252 354
2 94
1 335 411
2 128
2 2
1 218 363
2 413
1 120 240
2 367
2 385
2 112
2 411
1 36 110
1 58 130
2 79
2 191
2 112
1 46 153
1 243 442
1 374 423
2 111
2 38
2 326
2 197
2 18
1 10 98
1 167 194
2 248
1 137 370
2 311
1 275 282
2 286
1 392 398
1 69 126
2 241
1 314 412
1 44 368
1 154 227
1 238 277
2 83
2 192
2 28
1 14 431
2 297
1 412 425
2 119
2 261
1 20 407
2 276
2 234
2 130
1 303 407
1 295 435
2 409
2 192
2 345
2 64
1 152 218
2 294
1 133 446
1 46 164
1 432 446
1 94 198
2 146
2 136
2 417
2 86
1 88 187
2 425
2 430
1 143 317
1 353 402
1 280 347
1 35 233
2 111
2 198
2 254
1 200 367
2 136
2 430
1 204 221
1 100 384
2 136
2 50
2 296
1 167 200
1 136 139
1 166 202
1 97 195
2 429
2 156
2 102
2 105
1 132 248
1 199 375
2 225
1 228 355
1 195 376
2 325
1 145 208
1 257 259
2 164
2 89
2 33
2 307
1 177 371
2 422
1 103 377
2 440
1 2 426
1 255 339
2 147
1 162 272
2 18
2 151
2 410
2 196
2 393
2 363
1 22 357
2 24
2 173
1 418 424
2 60
2 375
1 132 183
2 150
1 20 216
2 63
1 233 302
1 165 240
1 380 441
1 136 146
1 310 438
1 194 348
2 199
2 119
1 19 396
2 105
1 160 231
2 32
1 236 339
1 305 313
1 57 369
1 7 293
2 287
2 8
1 272 290
2 106
1 10 418
1 106 147
2 393
1 78 189
2 90
1 343 372
2 445
2 143
1 47 325
2 406
1 91 172
1 157 402
1 57 78
1 91 406
1 149 243
1 227 236
1 357 380
1 84 334
2 442
1 144 152
1 66 166
1 312 334
2 309
1 360 429
1 136 324
2 405
2 271
2 221
2 137
2 105
2 38
2 377
1 292 334
1 394 443
2 172
2 361
1 7 153
2 308
2 132
1 36 49
2 384
1 308 420
2 32
1 325 346
2 437
1 33 324
2 94
1 188 269
2 341
2 175
2 73
1 161 359
2 80
1 221 322
1 55 281
1 93 319
1 136 333
2 81
2 48
2 57
1 186 318
1 187 225
2 180
2 152
2 86
2 384
1 359 393
1 54 388
1 245 291
1 8 428
1 68 95
1 38 309
1 84 367
2 369
2 267
1 115 445
1 64 350
1 10 362
2 119
2 128
2 318
2 335
2 31
1 134 313
2 289
1 92 409
1 17 313
2 157
1 51 376
1 54 236
2 141
1 32 119
1 118 191
2 20
2 191
2 338
1 14 202
2 366
2 318
2 248
2 214
1 163 373
1 272 411
1 410 445
1 19 255
1 184 219
1 4 29
1 334 353
2 390
2 38
2 167
1 31 400
2 231
2 93
1 89 224
1 134 264
1 366 436
2 169
1 389 421
2 316
2 130
2 167
2 290
2 119
1 111 348
1 224 224
1 41 233
1 105 333
2 418
2 293
2 356
2 411
1 328 418
2 222
1 37 346
1 354 369
1 72 401
1 55 267
1 196 219
1 235 382
2 124
2 161
2 159
2 276
2 334
2 316
1 22 46
2 293
1 161 399
2 235
1 208 290
1 63 120
1 18 375
1 197 218
1 201 378
1 176 427
2 88
1 327 414
1 30 358
2 5
2 115
1 372 392
2 416
2 82
1 171 440
1 215 443
2 417
2 379
2 383
2 77
2 416
2 135
2 103
2 1
2 26
1 180 311
2 254
1 227 270
1 127 260
2 247
2 70
1 106 388
2 441
1 16 439
1 174 270
2 303
1 395 406
1 164 365
1 47 162
1 85 167
2 133
1 388 396
1 171 201
1 36 356
2 154
1 141 265
2 24
2 23
1 144 298
1 108 152
2 279
1 190 367
1 269 439
1 340 419
2 227
1 7 251
1 112 257
1 113 227
2 154
2 261
1 42 152
1 375 440
1 41 380
1 15 37
2 365
2 401
2 231
1 353 386
1 139 192
2 327
2 45
2 55
1 78 90
2 137
2 53
2 105
1 65 68
2 345
2 170
1 183 233
1 157 197
2 267
1 147 290
2 243
1 46 100
1 82 444
2 153
2 152
1 162 177
2 293
1 162 393
2 208
1 269 418
1 133 329
1 31 295
1 69 144
2 148
2 175
1 17 340
2 160
2 176
1 319 399
1 242 302
2 54
1 229 268
2 5
2 327
2 399
2 167
2 308
2 278
1 262 324
2 319
1 49 341
1 115 299
1 260 268
1 121 348
1 122 178
1 15 72
2 195
1 6 132
2 167
2 226
2 389
2 78
1 273 334
1 332 381
2 332
1 160 406
1 60 319
1 214 374
1 114 154
1 142 261
1 291 323
1 122 226
1 301 314
1 99 143
2 28
2 406
1 238 443
2 430
2 416
1 110 316
1 181 260
1 97 302
1 286 368
1 286 401
1 28 343
2 91
2 205
1 173 360
2 402
2 384
2 2
1 115 158
2 55
1 188 363
2 290
1 423 440
2 431
1 17 28
2 178
2 64
2 309
1 43 196
1 109 429
1 51 292
2 207
1 260 414
2 184
1 155 241
2 406
1 90 435
1 139 271
2 194
1 151 264
2 43
2 167
2 240
1 1 90
1 93 341
1 204 341
1 95 285
1 44 292
2 446
2 193
2 289
1 107 177
1 244 385
1 158 398
2 137
1 32 243
1 145 282
2 287
2 266
1 246 346
2 308
1 56 329
2 200
1 144 429
1 331 422
2 6
2 385
2 173
1 83 412
1 199 336
1 223 333
1 238 285
2 411
1 188 241
2 365
1 197 272
1 4 215
1 180 430
2 349
1 197 377
2 47
1 255 352
2 64
1 38 265
2 335
2 313
1 349 412
2 439
2 205
1 202 440
2 425
2 115
2 246
1 146 268
1 287 295
2 164
2 342
2 237
2 194
1 176 329
1 188 301
1 257 443
2 132
2 395
2 134
1 29 298
1 109 357
1 10 374
2 21
1 203 411
2 93
1 317 418
2 200
2 144
1 340 429
2 68
1 226 395
1 226 311
2 109
1 160 410
1 218 318
2 96
1 106 141
2 137
1 441 443
2 244
1 41 364
1 119 234
2 227
2 384
1 36 396
1 73 90
1 258 392
1 22 356
2 105
1 41 353
2 100
1 186 431
1 302 423
2 57
2 158
1 276 387
1 16 363
2 355
1 21 291
1 182 420
2 21
2 108
1 94 433
2 346
2 203
2 80
1 259 416
1 145 222
2 102
2 84
2 220
1 17 92
2 403
1 286 412
1 215 308
1 236 299
1 36 47
2 132
2 409
1 319 355
1 10 208
2 134
2 367
1 73 392
1 200 273
1 385 409
2 129
2 115
1 271 340
2 263
2 323
2 286
2 331
2 13
1 237 351
2 384
2 403
2 360
2 238
1 287 417
2 434
1 81 130
2 256
1 333 335
2 420
2 310
2 264
2 12
2 385
2 23
2 394
2 4
2 411
2 34
1 262 401
2 443
1 290 323
2 348
2 18
2 272
1 49 117
1 10 99
1 90 353
1 38 111
1 354 401
1 68 401
1 48 92
1 289 446
1 57 84
1 253 369
2 444
2 350
2 336
2 141
1 141 153
2 99
1 4 86
1 186 233
2 436
2 47
2 354
2 378
1 41 288
1 122 229
2 58
2 260
1 59 390
2 358
1 177 185
1 278 355
1 131 237
2 205
2 48
2 276
2 154
1 142 272
2 153
1 267 277
1 74 98
2 101
1 73 356
2 244
1 296 416
1 3 171
1 136 409
1 108 351
1 58 243
1 101 251
1 268 348
1 109 435
2 54
2 145
1 29 55
2 372
1 101 281
1 33 312
2 185
1 317 332
2 319
1 212 267
1 126 316
2 399
2 319
2 20
1 65 87
2 267
2 84
1 69 130
2 60
1 209 411
2 115
2 373
1 131 366
2 71
2 334
2 200
1 177 312
1 232 345
1 181 205
2 114
1 151 398
2 400
2 142
1 239 324
1 116 296
2 405
2 299
1 77 397
1 224 262
1 232 434
2 310
1 186 329
1 96 233
1 325 331
1 79 94
2 135
2 98
1 145 252
2 134
1 167 286
2 42
2 198
1 162 267
2 412
2 173
1 272 428
2 409
2 219
2 276
2 151
1 42 382
2 367
2 165
1 19 103
2 51
2 425
1 257 416
1 210 406
2 141
2 355
2 10
2 3
2 41
1 267 373
2 387
2 359
1 79 410
1 328 333
2 307
2 330
2 58
2 229
2 188
1 135 367
1 139 272
2 302
2 271
2 191
2 252
2 352
2 253
1 289 414
1 228 240
1 311 410
2 96
2 257
2 337
1 416 424
2 192
1 112 165
2 413
2 161
2 69
1 27 419
1 9 297
2 24
2 158
2 35
2 276
1 63 355
2 96
1 17 43
2 246
2 16
1 187 293
2 190
1 49 416
2 68
1 105 226
1 235 350
1 244 284
1 55 250
1 60 317
1 49 436
2 71
1 241 424
2 170
1 164 319
2 362
2 409
2 266
2 202
1 129 384
1 183 189
2 185
1 155 187
1 203 424
1 91 247
1 51 412
1 32 124
2 255
1 134 146
2 38
1 14 381
1 154 174
1 68 344
2 30
2 313
2 181
1 5 296
1 252 274
2 47
2 441
2 245
2 85
2 325
2 292
2 197
1 246 390
1 304 429
2 1
2 181
2 40
2 268
1 23 291
1 115 359
2 109
2 382
1 91 405
2 367
1 365 418
2 212
1 357 418
1 177 290
2 284
2 414
1 255 273
2 292
2 80
2 431
1 42 70
2 114
2 281
1 249 394
2 382
1 160 359
2 236
2 124
2 330
1 257 355
2 340
1 233 262
1 83 404
1 93 207
2 133
1 204 329
1 159 280
1 80 404
2 364
2 92
1 284 420
2 92
1 380 407
1 317 384
2 301
2 175
1 219 237
2 426
2 371
1 15 231
1 117 200
2 297
1 133 137
2 1
1 27 241
2 164
1 67 85
1 77 296
1 157 262
2 365
2 45
1 61 388
2 257
2 421
1 358 360
2 238
1 13 331
2 301
1 252 292
1 183 432
2 440
2 197
2 34
1 299 434
1 243 387
1 57 82
2 381
1 74 353
2 97
2 437
2 88
2 423
1 232 360
1 77 368
1 117 416
1 300 318
1 268 375
1 99 260
1 395 441
2 72
1 56 405
1 136 262
1 134 168
2 346
2 65
1 258 324
2 217
2 319
2 350
1 163 301
2 354
2 357
2 101
1 346 436
1 273 407
2 6
1 178 371
1 119 383
2 311
1 103 333
2 334
1 212 339
1 95 278
2 117
1 293 298
1 170 399
1 236 421
2 355
1 105 275
2 288
1 14 74
1 115 274
1 139 194
2 279
2 96
2 116
1 209 402
2 162
1 27 253
2 195
1 55 290
1 237 303
2 199
1 196 386
1 190 212
2 281
1 258 326
1 95 320
2 81
2 161
1 186 393
1 119 154
1 189 229
2 74
1 101 349
2 65
2 227
1 27 264
1 113 128
2 163
1 157 188
1 143 409
2 39
2 203
2 320
1 47 181
2 242
1 236 414
1 174 212
2 416
1 323 379
2 427
2 202
2 13
2 38
1 301 438
2 286
2 64
1 108 443
1 153 309
1 105 194
1 71 287
1 61 120
1 122 195
2 441
2 288
1 206 269
2 311
1 339 418
1 15 284
1 130 424
2 382
1 193 427
1 185 358
2 268
1 59 146
2 123
2 409
1 143 285
2 76
1 18 149
2 74
1 131 280
2 208
1 70 95
1 271 361
2 310
1 182 405
1 89 96
2 2
1 340 410
2 332
2 370
1 55 255
2 24
1 92 151
2 135
2 229
1 4 43
2 293
2 428
2 1
1 1 159
2 186
1 60 243
2 68
1 39 193
1 234 344
1 248 372
1 43 128
2 415
2 242
2 402
1 118 161
2 445
1 72 440
1 195 276
1 347 386
2 184
1 126 430
2 153
1 63 446
1 55 349
2 195
2 214
2 11
1 29 35
2 58
1 209 216
2 262
2 201
1 227 322
1 336 342
2 25
2 264
2 427
1 15 326
2 52
2 77
2 339
2 73
2 256
1 18 293
1 101 437
1 315 392
2 93
2 343
1 164 290
2 106
2 397
2 62
1 303 375
2 192
2 191
1 116 135
1 248 353
1 78 377
1 135 326
2 263
1 240 415
2 147
1 182 204
1 132 264
1 36 260
2 352
2 229
2 8
1 91 127
1 340 342
1 21 77
1 28 274
1 107 285
2 198
2 405
1 353 410
1 151 367
2 105
1 334 405
2 144
1 99 202
1 37 304
2 280
2 206
1 86 321
2 104
1 248 286
2 1
2 12
2 110
2 402
1 301 401
2 77
2 331
1 139 348
2 427
1 2 43
2 84
1 258 347
2 69
1 306 390
1 129 304
1 140 210
2 253
1 378 409
1 233 312
2 271
2 29
2 233
2 240
1 95 341
1 2 60
1 357 444
2 64
1 119 425
1 68 252
2 299
1 294 318
2 121
2 369
1 41 189
2 423
2 363
2 86
2 361
1 2 140
1 422 436
2 288
2 285
2 133
2 368
2 156
1 45 121
2 381
2 309
1 113 133
1 73 270
1 61 379
2 203
2 8
2 274
2 395
1 139 364
1 116 214
1 86 172
1 36 445
1 189 351
1 123 290
2 433
2 178
1 211 422
1 184 313
2 181
1 71 261
2 400
1 207 383
1 76 125
2 173
1 12 352
1 176 220
2 126
2 260
2 36
2 27
2 315
1 162 275
1 19 157
1 115 401
2 413
1 129 423
2 32
1 413 414
2 116
1 41 110
2 79
1 92 211
2 8
2 140
1 85 407
2 309
2 173
1 181 402
1 123 377
1 48 92
2 47
1 14 68
2 308
2 415
1 14 255
2 256
1 258 381
2 174
1 115 428
2 261
1 168 217
2 164
2 356
2 8
2 314
2 402
2 416
1 116 125
1 96 147
2 176
2 383
2 402
1 60 148
1 58 146
1 68 417
1 72 156
2 173
1 158 410
1 239 298
2 164
1 177 277
2 283
2 245
1 175 257
2 81
1 285 427
1 1 281
2 152
1 161 429
2 284
2 166
1 106 135
2 73
2 189
2 165
2 109
1 335 374
1 292 305
1 127 444
1 111 367
1 307 354
1 19 54
2 32
2 446
2 428
2 37
1 70 435
1 22 104
1 255 399
1 324 356
1 35 232
1 212 327
2 430
2 227
2 190
2 177
2 188
2 103
1 44 439
2 250
2 52
1 76 244
1 69 429
1 145 212
2 364
2 18
2 209
1 49 409
1 118 431
2 410
1 24 86
1 169 222
2 225
1 87 436
1 175 368
1 174 269
2 423
2 44
1 48 96
1 102 280
1 321 429
1 264 338
1 182 338
1 63 223
1 389 443
2 203
2 244
1 284 308
1 88 254
1 80 184
1 29 163
2 434
1 185 408
1 76 381
1 175 178
2 292
1 171 438
2 344
2 279
2 288
2 13
1 119 236
2 338
2 89
1 123 415
1 105 283
1 257 295
1 145 190
1 170 417
2 40
1 430 441
1 89 91
1 85 312
1 17 73
2 5
2 266
1 182 236
1 230 386
1 276 406
1 254 281
1 250 301
2 414
1 44 266
2 251
1 75 272
1 184 298
2 428
1 64 274
2 345
1 243 246
2 120
1 22 316
2 184
1 111 395
2 45
2 419
2 183
2 13
1 8 203
1 76 362
2 152
1 84 419
1 330 423
1 3 385
1 63 382
1 208 397
2 72
2 410
2 409
1 99 119
1 277 354
2 307
1 12 340
1 109 331
1 28 349
2 68
1 269 443
2 384
1 29 183
2 324
2 300
2 396
2 305
1 101 323
2 149
2 48
1 32 246
2 39
1 53 445
2 110
1 207 317
1 70 367
1 4 208
1 262 304
1 395 413
1 194 297
1 165 180
2 316
2 267
2 71
1 72 427
1 141 282
2 327
1 269 274
2 31
2 36
1 235 427
2 235
1 190 259
1 132 264
2 2
2 175
1 69 256
2 44
1 77 170
2 364
1 194 364
2 262
1 252 385
1 58 245
1 327 434
1 376 403
2 171
1 93 335
2 234
1 16 330
1 287 389
1 132 272
1 23 264
2 421
1 114 267
1 129 200
2 270
2 226
1 87 417
1 18 59
1 58 266
2 24
2 247
1 35 278
1 116 377
2 52
2 288
2 306
2 186
1 295 419
1 143 233
2 215
2 28
2 84
1 78 132
1 78 92
1 228 381
2 113
1 271 446
2 42
2 274
1 81 227
1 222 439
1 21 257
2 221
2 252
2 358
1 7 431
1 250 323
1 338 376
2 58
1 113 187
2 167
2 353
1 51 57
2 3
2 292
2 391
1 69 93
2 443
1 237 446
1 62 261
1 334 375
2 145
1 140 256
1 36 76
1 174 406
2 7
1 294 440
2 286
2 307
1 217 407
1 6 87
2 446
1 218 235
1 107 110
2 382
2 81
2 91
1 156 403
2 412
2 308
2 81
1 74 287
1 281 308
1 54 224
1 163 366
1 161 380
1 33 419
2 392
1 101 440
1 113 364
1 228 403
2 130
1 50 369
1 14 333
2 299
2 116
1 59 185
2 73
2 385
2 106
1 37 56
2 42
2 220
1 2 48
2 320
2 293
1 183 377
1 15 315
1 108 347
2 357
1 325 403
1 72 288
2 79
2 174
2 441
2 13
1 40 399
2 165
1 146 187
1 74 158
2 68
2 404
1 215 269
1 202 277
1 188 315
1 43 130
1 328 374
1 17 118
1 312 317
1 190 308
2 119
1 167 414
1 111 271
1 61 444
2 43
1 161 211
2 146
1 206 212
1 156 253
2 215
2 213
1 91 145
1 31 155
2 73
1 101 353
1 124 376
2 401
1 66 281
1 261 336
2 219
1 170 270
1 117 408
1 219 230
1 136 404
1 279 399
1 123 197
1 66 419
1 152 373
1 237 264
2 438
1 183 384
1 164 177
1 146 371
2 131
1 76 443
1 34 357
1 173 307
2 248
2 391
2 218
2 107
2 341
1 149 182
2 370
2 192
1 71 347
1 130 409
1 149 310
2 169
1 104 331
2 88
1 100 124
2 302
1 317 321
2 83
2 293
1 264 411
2 337
2 407
1 328 330
2 70
2 326
1 41 102
2 266
2 13
2 415
2 275
2 112
2 148
1 157 282
2 111
2 432
2 115
2 81
2 219
2 268
2 179
2 23
1 161 348
2 136
1 25 363
1 130 212
1 12 337
2 358
1 127 145
2 307
1 120 320
1 104 256
1 63 258
1 84 263
1 290 380
1 304 395
1 78 384
1 15 222
2 257
2 133
2 219
2 36
2 189
2 230
2 273
2 437
1 162 406
1 30 344
2 39
1 73 88
1 50 358
1 395 399
1 80 90
1 95 381
2 398
2 261
1 170 262
1 99 267
1 256 257
2 374
2 203
1 231 264
2 372
2 286
1 343 377
1 230 256
1 21 151
1 105 362
2 442
2 440
2 445
1 201 408
2 97
2 104
2 61
2 268
2 81
1 158 324
1 23 145
1 75 149
2 106
1 261 409
2 124
2 1
2 190
1 261 416
1 81 323
1 4 115
1 157 249
1 87 309
2 365
1 267 373
1 244 430
1 99 277
2 63
1 263 278
1 9 192
1 259 410
2 205
2 232
2 280
2 444
1 205 236
1 96 139
1 75 260
1 107 273
1 179 214
2 246
1 101 420
2 87
1 286 343
2 433
1 266 370
2 320
2 333
1 359 435
1 118 266
2 319
1 219 433
1 99 272
2 286
2 4
1 3 70
1 126 130
2 161
2 226
1 185 373
2 139
2 165
1 55 124
1 337 412
1 56 114
2 291
2 121
1 196 314
1 237 379
2 405
2 94
1 123 240
2 412
2 20
1 259 280
1 104 396
2 392
1 209 364
1 370 375
1 60 162
1 230 377
2 47
2 147
2 64
2 42
2 102
1 141 430
2 276
2 121
1 83 171
1 212 389
1 174 257
2 76
1 58 308
1 215 240
1 325 376
2 132
1 23 351
2 415
1 72 379
2 249
1 7 93
1 275 416
1 203 225
2 171
1 175 335
1 385 404
2 228
1 217 334
1 7 190
1 58 96
1 268 417
1 61 148
2 259
1 52 172
2 222
1 70 364
1 415 442
1 347 356
2 316
1 3 46
2 167
1 22 220
2 272
1 327 328
1 220 300
2 235
1 196 229
1 146 240
1 30 331
2 313
1 100 293
1 124 267
1 2 120
1 149 341
2 229
2 67
1 150 173
1 75 186
1 253 408
1 90 342
2 349
1 301 338
2 231
2 429
1 264 344
1 51 330
1 321 422
2 132
1 299 347
1 209 428
1 91 293
2 339
2 164
1 157 425
1 48 123
1 253 289
1 255 364
2 195
2 381
1 76 224
1 114 382
2 298
2 118
1 134 155
1 322 419
1 262 403
1 319 331
1 75 100
2 393
1 2 42
1 126 405
2 90
2 102
2 300
1 64 431
2 109
1 27 116
2 158
1 113 393
2 348
1 186 208
1 176 325
1 307 400
2 391
2 174
1 291 317
1 35 218
1 87 305
1 194 253
1 146 341
2 261
2 188
1 186 371
1 95 417
1 306 343
1 94 309
2 144
1 148 320
2 271
1 5 434
1 104 258
2 102
2 215
2 342
2 282
1 80 300
1 202 442
1 241 375
1 290 393
2 176
2 107
1 10 136
2 65
2 145
1 22 409
1 412 422
2 420
1 224 304
2 37
1 21 46
2 345
2 331
1 95 107
1 81 298
1 2 107
1 50 135
1 32 247
2 296
1 162 164
1 194 409
2 2
1 259 428
1 74 238
1 153 414
2 167
2 316
2 290
1 258 432
1 46 390
1 5 445
2 271
1 95 418
1 107 188
2 1
2 218
1 11 100
1 20 163
1 15 390
1 22 278
2 163
2 209
2 109
1 128 361
1 45 306
1 46 51
2 55
1 1 328
2 55
1 97 250
1 4 315
1 2 34
1 302 389
2 39
1 254 371
2 276
1 9 104
2 316
2 374
2 356
1 14 224
1 176 422
2 282
2 383
1 162 238
2 81
1 116 161
1 292 327
2 389
2 424
1 140 147
2 48
2 407
1 117 287
1 364 441
1 149 367
2 134
1 60 270
2 17
1 64 170
2 126
2 46
1 75 437
1 86 150
2 370
2 313
2 103
2 276
2 153
1 377 433
2 394
1 249 315
2 416
2 265
2 141
2 316
1 130 196
2 242
1 322 394
1 3 155
1 244 349
2 264
2 55
1 12 341
2 432
2 355
2 423
2 349
2 291
1 70 298
2 29
2 428
1 233 432
1 144 346
1 92 114
1 205 417
1 224 418
1 105 259
2 195
1 119 139
2 199
1 254 338
2 251
2 363
1 9 204
1 167 440
1 183 419
1 219 377
2 270
1 62 349
2 389
2 355
2 392
2 3
1 400 439
2 318
2 144
1 291 393
1 35 168
1 169 248
2 412
1 310 431
2 202
1 268 323
2 335
2 15
2 141
2 137
1 237 414
1 18 191
2 122
1 65 219
1 312 331
1 160 415
1 67 370
1 175 193
1 318 390
2 325
2 359
2 331
2 261
1 121 141
2 234
1 340 341
1 9 356
2 361
2 352
1 402 415
2 314
2 264
2 214
2 29
1 136 413
1 382 410
2 284
2 134
2 202
1 386 406
1 296 342
1 31 403
2 326
1 230 419
1 35 365
2 355
2 224
2 297
1 87 133
2 402
2 298
1 125 324
1 211 326
2 86
1 50 386
2 83
2 330
2 136
1 97 128
2 200
1 197 331
1 249 383
1 282 442
1 160 208
2 249
2 134
1 151 237
1 250 307
2 223
2 348
1 34 71
2 207
1 181 253
1 46 168
1 302 442
1 269 330
2 407
1 250 430
1 434 435
2 172
1 85 256
1 133 230
1 75 292
1 326 419
2 6
1 11 343
2 176
1 148 328
1 55 211
1 274 315
1 331 370
2 256
2 410
2 130
2 442
2 110
1 46 223
1 136 203
1 248 349
2 6
1 72 229
1 133 398
2 298
1 106 439
1 108 236
2 306
2 230
2 145
1 339 401
1 319 415
1 177 347
2 298
1 274 441
2 358
2 408
1 137 272
1 36 391
2 148
2 330
2 238
1 202 333
2 177
1 32 214
1 107 202
2 301
2 58
1 233 289
1 217 355
1 77 292
1 127 342
1 155 323
2 207
2 108
2 152
2 366
1 152 274
2 195
2 138
2 227
1 246 401
2 421
2 320
2 363
2 410
1 203 290
2 14
2 443
2 163
2 281
2 207
2 433
1 15 428
1 329 408
1 191 201
2 75
1 126 296
1 11 88
2 61
2 54
2 173
2 216
1 8 145
2 227
1 4 28
2 405
2 181
1 14 329
1 351 422
1 45 401
2 256
1 65 101
2 294
2 343
1 235 287
1 345 404
1 397 441
1 53 272
1 200 443
1 70 142
2 315
1 45 320
2 62
2 84
2 403
2 135
2 78
2 303
2 9
1 194 334
2 116
2 374
2 422
1 13 33
2 290
2 341
2 361
2 111
1 238 318
1 142 391
1 84 350
2 414
2 263
1 318 387
1 240 323
1 314 341
2 262
2 45
2 248
1 318 360
2 39
2 303
1 274 436
2 95
1 70 95
2 88
2 335
2 266
2 128
2 109
1 34 315
2 275
2 230
1 137 269
2 13
2 8
2 73
1 339 407
2 332
1 85 395
1 39 67
1 28 232
2 220
2 308
1 204 378
2 256
1 98 274
1 244 420
1 281 406
1 84 169
2 115
2 162
2 333
1 106 251
1 76 372
2 142
2 191
1 308 390
2 239
1 38 132
1 252 337
1 325 358
1 371 382
1 76 385
2 159
2 100
2 309
1 193 252
1 68 213
2 189
2 136
2 81
1 20 161
1 217 341
1 28 110
2 411
1 80 127
1 169 280
2 184
2 61
2 82
1 59 343
2 422
2 404
2 188
2 24
1 72 341
2 375
2 379
2 160
1 173 314
1 107 145
1 134 354
2 121
1 315 321
1 33 311
1 2 269
1 85 337
1 101 212
1 21 176
1 102 223
2 143
2 99
2 48
2 67
1 247 257
2 22
2 213
1 55 432
1 163 344
1 15 317
1 156 386
1 123 440
2 337
2 368
2 259
1 17 27
1 173 382
1 141 343
2 193
1 331 434
2 6
1 279 281
1 27 114
2 402
2 310
1 116 410
1 280 339
2 265
1 131 327
1 190 322
2 254
1 138 435
1 71 373
1 12 303
1 188 402
2 91
1 227 351
1 61 69
1 139 419
1 168 276
1 60 64
2 45
1 93 150
1 117 404
2 431
1 125 387
1 319 337
1 48 205
1 206 403
2 324
1 168 269
1 106 422
2 401
1 312 334
1 60 442
2 146
1 87 153
2 374
2 446
1 21 265
1 50 285
1 102 131
1 113 278
2 192
2 361
2 91
2 427
1 36 275
2 193
2 426
2 423
2 30
2 330
2 158
2 265
2 326
1 3 164
2 207
2 66
2 148
1 89 257
1 3 99
2 409
1 29 41
2 221
1 105 280
2 279
2 127
2 166
1 315 350
2 86
1 22 411
2 348
2 221
1 368 429
1 40 254
1 37 420
2 317
2 105
2 372
2 175
2 42
2 269
2 3
2 350
1 214 429
2 382
1 151 165
2 329
2 70
2 120
2 417
1 72 214
1 13 109
2 182
2 352
1 82 221
1 108 437
1 211 261
1 8 222
1 60 299
2 308
2 405
1 205 248
1 50 103
2 88
2 106
2 308
2 35
2 342
2 446
1 265 316
2 109
2 50
2 227
2 139
1 145 272
2 405
2 164
2 317
2 236
2 300
2 7
1 124 132
2 400
1 407 417
1 120 261
1 79 383
2 254
2 116
2 32
1 84 359
2 311
2 148
1 129 424
2 444
1 90 430
1 412 428
2 364
2 197
1 39 359
1 308 397
1 399 401
1 320 402
2 228
1 77 312
1 346 397
1 64 263
2 185
1 184 398
2 110
1 151 382
2 420
2 31
1 92 319
2 111
2 387
2 288
1 31 407
2 180
2 89
1 27 167
1 208 213
1 250 299
1 121 350
2 163
2 263
2 232
2 177
1 334 379
1 140 314
2 419
2 212
2 83
2 329
1 114 419
2 291
2 52
2 90
1 284 298
2 31
1 91 350
2 104
2 117
2 346
1 256 291
2 126
1 140 359
2 188
2 264
2 60
2 234
1 133 195
2 147
1 175 417
1 14 251
2 165
2 68
2 122
1 160 300
2 244
2 113
1 238 286
2 209
1 158 350
1 30 39
2 402
1 326 336
1 188 432
2 372
2 164
2 366
1 222 288
1 242 356
1 18 415
1 210 418
1 125 327
2 170
2 249
1 11 218
1 168 416
1 225 318
1 332 367
2 385
1 21 75
2 13
1 244 311
2 68
2 91
2 223
2 82
1 164 402
2 237
2 53
2 174
1 35 104
1 257 359
2 181
1 301 313
1 353 425
1 383 428
1 125 439
1 324 435
2 241
1 147 195
1 175 372
2 347
1 199 403
1 64 195
1 70 442
2 73
1 80 290
2 305
1 169 377
2 444
2 248
1 100 266
1 89 436
1 153 186
2 421
1 16 117
2 175
2 191
2 121
1 271 319
2 413
2 436
1 98 429
2 137
1 4 368
1 368 402
1 175 390
2 110
2 436
2 199
2 221
2 294
2 84
1 235 358
1 85 376
1 53 289
2 1
1 53 405
2 124
1 12 392
1 26 92
1 38 371
2 62
1 139 328
2 229
2 149
2 139
2 40
1 51 413
1 299 390
1 319 345
1 234 401
1 21 26
1 73 277
1 21 264
2 17
1 53 273
2 128
2 168
2 293
2 165
1 4 432
1 197 297
1 1 204
2 142
2 419
2 114
2 88
2 107
1 259 300
2 100
2 397
1 201 291
1 88 404
2 311
2 101
2 51
1 86 362
1 21 245
2 443
2 82
2 49
1 133 277
1 228 440
1 13 313
2 51
1 310 375
1 330 405
2 259
2 343
2 380
2 411
2 404
1 86 314
1 145 164
2 254
2 247
2 429
2 393
2 119
2 222
2 421
2 71
2 430
2 214
2 73
1 233 365
2 244
1 16 105
2 380
2 11
1 202 272
1 10 302
2 81
2 314
1 61 174
2 65
2 166
2 398
1 23 116
2 293
2 309
1 149 287
2 232
1 160 276
1 133 425
1 118 261
2 64
2 23
2 445
2 153
2 163
1 112 303
1 125 282
1 383 445
2 292
1 156 370
2 112
1 163 359
1 159 359
1 50 100
2 102
1 37 132
1 252 397
2 179
2 89
1 276 389
1 390 416
2 116
2 181
2 349
1 31 126
1 346 420
2 267
2 219
2 9
1 196 398
2 8
2 221
2 165
1 196 355
2 64
1 127 227
2 404
1 265 425
2 250
1 149 444
1 260 440
2 186
2 22
2 322
2 62
1 233 440
1 123 240
2 334
2 432
1 108 387
1 9 62
2 344
1 212 348
2 372
2 138
1 234 394
2 285
2 7
2 324
2 394
1 26 410
1 75 292
2 290
2 379
2 311
1 12 111
1 330 393
1 3 101
2 5
2 206
1 40 358
2 9
1 279 283
1 44 343
1 60 103
1 180 422
1 30 104
1 156 241
1 79 321
1 3 311
1 64 346
1 302 412
2 106
2 60
1 182 409
2 152
1 139 202
1 276 353
1 274 403
1 212 440
1 220 256
2 116
1 198 335
1 101 138
2 255
2 158
2 253
1 7 317
1 110 292
2 233
2 225
1 262 264
1 24 249
1 63 399
1 162 333
2 12
1 58 146
1 90 167
2 208
2 415
2 308
2 194
1 74 85
1 68 131
1 232 334
2 253
2 13
1 25 446
2 344
1 150 230
1 208 340
1 144 228
1 132 292
2 118
1 406 430
2 104
2 17
1 102 123
2 296
2 339
1 76 313
2 202
1 72 425
1 143 200
1 104 307
2 237
1 166 300
2 94
1 65 102
1 99 311
1 408 442
2 96
1 116 199
2 170
1 68 279
2 146
2 115
1 27 245
2 333
2 380
1 43 304
1 66 252
2 422
2 44
2 353
1 206 366
1 126 190
1 77 140
1 45 243
1 3 213
1 67 443
2 162
2 41
1 307 336
2 12
2 112
1 28 224
1 6 343
1 218 388
1 304 356
2 153
2 396
2 286
2 380
2 422
2 32
1 89 240
2 115
2 157
1 7 122
1 20 139
2 343
1 156 390
1 123 380
2 188
1 27 329
2 189
2 289
2 137
2 239
1 137 224
2 84
1 301 328
2 142
2 250
1 220 343
2 124
1 224 392
1 323 420
1 2 250
1 57 365
2 192
2 183
1 109 234
1 72 112
1 244 275
2 317
1 135 443
2 11
1 246 431
1 244 322
2 114
1 229 363
2 185
1 41 68
1 173 227
2 33
2 403
2 258
2 233
2 336
2 128
1 238 400
1 97 272
1 26 349
1 169 368
2 258
1 181 279
1 116 236
1 147 278
1 405 420
2 428
1 76 355
1 366 403
2 90
1 74 233
2 124
2 278
2 60
1 87 318
2 237
1 72 95
1 284 340
2 154
1 270 292
2 113
1 91 413
2 412
2 202
2 175
2 84
2 338
2 263
2 139
1 129 374
2 137
2 4
2 205
1 280 282
1 155 369
1 220 229
1 196 343
2 414
2 341
1 347 359
2 128
1 307 394
1 390 402
2 176
1 148 277
1 281 401
1 7 52
2 97
1 14 174
1 159 391
2 354
2 168
1 302 348
2 336
2 309
1 405 418
2 12
2 254
2 372
1 56 209
1 221 346
2 72
1 290 320
2 140
1 246 258
1 217 233
2 401
2 184
1 41 311
2 36
1 169 390
2 57
1 46 252
2 274
1 57 277
2 392
2 378
1 46 446
2 435
2 77
2 419
2 303
2 122
1 82 222
2 266
1 84 102
2 197
2 365
1 122 307
2 219
2 213
2 367
1 8 287
1 73 438
1 15 377
1 26 314
2 281
1 243 316
2 415
2 316
1 283 415
1 306 401
2 192
2 133
2 224
1 231 287
1 379 431
2 21
1 303 326
2 198
1 39 250
2 337
1 387 413
2 446
2 161
1 318 425
1 394 420
2 171
1 305 366
2 355
1 131 312
1 272 310
2 279
2 87
2 153
2 420
2 377
2 425
2 319
2 177
1 307 314
1 9 117
2 254
2 118
2 433
1 15 31
1 22 400
1 262 356
1 11 142
2 105
2 343
1 163 256
1 388 416
2 147
2 345
2 396
2 42
1 60 305
1 27 411
1 16 105
1 41 262
2 159
2 290
1 96 341
2 187
2 4
2 130
2 402
2 397
2 305
2 227
1 214 291
1 103 240
2 403
2 148
2 248
2 48
2 286
1 62 156
1 194 381
2 301
2 54
1 223 440
1 288 350
1 13 359
1 188 272
1 320 424
1 161 274
2 106
1 186 426
2 311
2 74
1 185 373
1 112 331
1 46 166
1 1 349
1 117 366
1 86 126
1 149 372
2 214
1 214 418
2 235
1 129 241
1 92 359
2 105
1 328 422
1 209 220
1 183 416
2 138
1 220 321
1 212 255
2 130
2 363
1 216 399
1 128 146
1 268 307
2 374
2 379
1 153 413
2 228
2 388
1 116 120
2 5
1 213 312
2 425
1 281 334
2 204
1 217 272
1 157 185
2 419
2 223
1 183 351
2 219
1 268 307
1 17 261
1 127 156
2 164
2 32
1 238 400
2 436
1 183 408
1 196 319
1 148 438
1 78 382
1 85 356
2 392
2 331
1 33 325
1 32 162
1 375 387
1 40 293
1 173 434
1 27 432
1 104 135
1 129 309
2 18
2 286
1 183 358
2 82
1 199 296
1 153 229
2 362
2 152
1 60 435
1 45 384
1 93 181
2 96
1 10 404
2 50
1 419 437
1 302 339
2 170
2 211
2 397
1 169 199
1 236 445
1 177 266
1 65 187
2 201
1 77 284
1 122 259
2 355
1 23 89
1 236 238
1 29 267
2 244
1 42 314
1 239 276
2 228
1 205 328
2 243
1 127 326
2 63
1 249 416
2 345
1 199 336
1 157 445
2 446
1 200 378
1 173 300
2 157
2 437
1 279 309
2 396
1 187 262
1 52 286
2 355
1 251 259
2 400
2 354
1 182 358
1 125 138
1 90 185
1 113 186
1 366 438
2 166
1 78 107
1 379 408
1 102 388
2 59
2 283
1 289 385
2 43
1 88 258
1 167 427
2 70
1 283 325
2 241
1 237 348
1 32 396
1 61 171
1 180 360
2 236
2 240
2 300
1 85 138
1 62 171
2 58
2 265
2 179
1 49 251
2 314
1 154 219
1 56 397
1 367 409
1 146 268
2 372
1 140 300
2 103
1 271 365
1 5 254
2 30
1 58 58
2 420
1 193 350
2 445
1 59 111
2 281
2 25
2 105
1 83 181
1 309 368
2 173
1 38 257
2 320
1 149 444
1 147 293
2 58
2 340
1 45 411
1 160 224
2 240
2 221
1 254 295
2 309
2 43
2 236
2 153
2 86
2 149
1 334 405
2 319
1 26 186
1 16 395
2 289
1 198 202
1 179 403
2 294
1 37 432
1 113 419
2 15
1 160 237
1 333 369
2 194
1 33 356
1 224 367
1 259 366
2 374
2 57
1 335 431
1 296 437
2 140
2 305
2 392
1 185 284
1 148 358
1 150 284
2 33
1 336 414
2 373
1 252 287
1 414 436
1 114 234
1 66 426
2 24
2 73
2 205
1 130 250
1 142 429
2 3
2 269
1 195 390
2 174
2 147
2 436
1 111 135
2 397
2 309
1 44 57
2 130
2 252
2 12
1 190 257
2 72
2 253
2 5
1 249 404
1 137 372
1 279 445
1 14 294
1 125 217
1 164 362
1 356 395
2 115
1 43 399
1 229 322
2 350
2 232
2 342
2 123
1 55 337
1 261 397
1 293 378
2 365
1 123 278
1 118 401
2 192
2 158
2 171
2 288
1 230 421
1 29 139
2 323
1 17 150
2 439
2 35
1 93 116
2 237
1 20 144
2 431
2 399
1 79 281
1 315 351
1 73 218
2 65
1 186 222
1 128 260
1 223 389
2 435
2 271
2 193
1 351 438
2 284
2 240
2 214
2 115
1 376 380
2 428
1 194 444
1 172 247
1 326 347
2 107
2 20
2 290
2 264
1 267 395
1 191 385
2 23
1 102 397
2 136
2 355
2 13
2 371
2 236
1 168 311
2 52
2 55
1 122 202
2 61
1 122 432
1 218 326
1 121 304
1 7 156
1 276 339
1 98 173
2 270
1 123 126
1 5 279
2 432
1 145 401
2 159
1 204 339
2 166
1 66 113
2 286
2 96
2 230
2 243
2 250
1 41 120
2 234
2 294
1 76 93
1 149 347
1 60 306
2 349
2 190
1 36 39
1 159 343
1 187 432
2 62
2 69
1 9 106
2 407
1 220 319
1 70 398
1 276 366
2 385
2 33
2 222
2 221
2 446
2 308
1 172 220
2 263
1 186 226
1 170 177
1 282 340
2 68
2 178
1 7 48
2 394
1 228 431
1 405 442
1 1 19
1 175 325
2 218
1 117 215
2 398
2 46
1 161 380
1 132 222
1 315 421
1 164 277
1 375 385
1 275 412
2 256
2 132
1 94 409
1 156 413
1 180 325
2 47
2 372
1 11 370
2 379
2 148
1 148 184
2 2
1 262 292
2 276
2 417
1 332 352
2 430
1 89 313
2 403
2 7
1 122 250
2 154
1 176 369
1 239 372
2 22
1 65 322
1 26 243
1 190 319
2 371
2 157
2 242
1 89 363
1 40 135
2 1
2 84
2 276
2 26
2 84
1 134 297
1 45 178
2 247
1 115 297
1 303 423
2 246
2 430
1 40 182
1 72 318
1 257 377
1 326 339
1 139 282
2 121
2 64
1 195 209
1 201 274
1 243 402
2 101
2 219
1 7 353
2 223
1 80 256
1 97 122
2 294
1 287 314
1 122 351
1 373 382
1 113 264
1 223 248
1 303 386
2 180
1 14 53
1 134 291
2 406
2 16
1 198 314
1 42 299
2 96
2 210
1 51 105
2 80
2 309
2 395
1 130 350
1 288 394
1 371 426
2 168
1 34 241
1 258 380
2 271
1 314 347
2 22
1 13 99
2 96
2 99
1 136 428
2 418
2 138
1 110 221
2 300
1 40 444
1 247 370
1 135 151
2 245
1 268 291
2 169
1 109 390
1 130 318
2 431
1 360 386
2 253
2 68
2 5
1 90 206
1 254 318
1 92 392
1 169 327
2 185
2 262
1 41 363
1 122 268
2 446
1 167 282
2 293
1 236 261
2 136
1 265 316
1 68 120
1 208 210
1 154 239
2 31
2 125
1 279 406
1 208 332
2 115
1 287 428
2 94
1 378 379
1 36 307
1 84 188
1 322 323
1 105 290
1 11 275
2 286
1 261 333
2 212
2 446
1 139 291
1 153 418
2 190
1 257 296
1 170 369
2 244
2 259
2 186
1 39 398
1 31 228
1 68 325
2 10
2 248
1 144 178
2 272
2 418
2 95
1 223 392
1 270 377
1 112 268
2 196
2 35
1 246 309
2 342
2 405
1 263 338
1 263 323
2 398
1 333 377
1 47 97
2 284
2 83
2 28
2 24
2 84
1 332 334
1 171 440
1 164 387
1 111 275
1 96 410
2 49
1 55 183
2 353
2 116
1 353 382
2 366
2 277
2 244
1 172 312
2 298
2 312
1 346 411
1 54 130
1 279 343
2 148
2 254
2 302
1 156 173
1 313 319
1 336 385
2 99
2 1
2 430
1 96 126
2 179
2 55
2 156
1 151 186
1 245 430
1 65 284
1 129 251
2 406
1 160 249
1 180 336
1 142 421
1 222 427
2 338
1 97 219
1 303 402
2 226
2 186
1 95 178
2 18
1 12 382
1 164 207
1 160 395
2 236
1 92 398
1 43 64
1 33 376
1 46 73
1 333 365
2 366
1 127 142
2 108
1 310 364
1 134 282
1 24 63
2 180
2 366
1 111 207
2 218
1 267 389
1 143 384
1 65 126
1 232 367
2 19
2 353
2 342
1 145 156
1 225 254
2 93
2 91
2 103
1 155 391
1 114 345
2 344
1 206 419
1 269 398
2 333
1 146 233
1 363 387
2 112
1 115 365
1 253 319
2 191
2 330
1 82 191
2 258
2 348
1 53 87
1 20 72
2 170
2 16
2 3
1 43 257
2 150
2 226
1 199 307
1 114 188
2 249
1 335 402
1 69 413
2 77
1 65 135
1 345 388
2 313
2 204
1 56 126
1 20 361
1 202 289
2 229
1 42 219
2 149
2 304
2 432
2 188
2 390
2 241
2 187
1 39 308
2 5
2 404
1 172 248
2 380
2 320
2 399
1 73 91
2 195
2 372
2 219
1 141 238
2 177
1 334 373
2 423
1 324 442
2 358
1 102 335
2 382
2 264
2 8
1 341 416
2 42
1 25 71
1 3 289
1 177 418
1 54 193
2 268
2 230
1 241 256
2 397
2 261
1 11 30
1 281 314
1 2 400
2 143
1 383 432
2 36
1 280 331
1 289 409
1 62 261
1 11 22
1 139 177
1 251 348
1 19 153
1 336 381
2 382
1 246 315
2 392
2 16
2 308
2 420
2 126
1 93 423
2 62
2 153
1 37 378
2 358
1 69 292
2 52
1 3 122
1 35 416
2 262
2 344
1 137 441
2 253
2 349
1 236 253
1 25 241
1 188 233
1 51 67
2 118
2 8
2 419
2 434
1 196 278
1 341 417
2 21
1 232 398
1 94 198
2 201
2 303
1 114 195
1 300 324
1 309 410
2 18
1 179 385
1 304 381
1 270 380
2 140
2 412
1 47 140
2 297
1 136 138
2 36
2 442
1 163 326
1 53 95
1 48 138
2 426
2 345
2 44
1 58 349
2 350
2 271
1 125 421
1 102 137
1 163 164
2 305
1 222 329
2 29
1 99 406
1 127 232
2 278
1 115 361
2 140
1 22 185
1 35 57
1 198 354
1 30 346
2 135
1 341 369
1 50 364
1 280 287
2 288
2 403
2 329
2 308
2 315
2 105
1 165 176
2 392
2 82
1 63 150
2 51
2 444
1 118 173
2 332
2 131
1 110 445
1 58 417
1 288 355
2 200
1 110 341
1 39 385
1 96 133
2 58
2 253
1 160 392
2 246
2 150
1 20 338
1 125 140
2 59
2 217
1 130 442
2 203
2 19
2 298
2 210
2 155
2 399
2 285
1 155 391
2 25
2 156
1 169 403
2 10
1 268 397
2 10
2 337
2 46
1 66 313
2 257
1 407 416
1 249 406
1 295 337
2 240
2 246
2 103
2 130
1 115 180
2 127
2 327
1 212 250
2 349
1 10 290
2 444
1 123 284
2 207
1 147 331
1 185 235
2 407
2 415
2 203
2 145
2 432
1 105 151
1 117 260
2 181
2 258
2 42
2 103
1 256 395
2 441
1 268 410
2 350
2 255
1 353 428
2 137
1 156 311
1 61 418
2 66
2 159
2 149
2 302
2 96
1 27 95
1 145 225
1 109 391
1 180 226
1 270 308
1 130 358
1 82 266
2 352
1 40 291
1 222 377
1 225 295
2 306
2 359
1 58 69
1 244 328
1 9 45
1 36 159
2 226
1 211 228
2 229
2 136
1 134 178
1 235 300
2 234
2 144
1 250 281
2 54
2 102
2 144
1 162 367
1 110 114
2 271
1 17 373
2 2
1 282 287
1 58 317
2 292
2 202
2 104
1 259 353
2 156
2 45
1 25 303
1 94 134
1 139 405
2 155
1 24 205
1 207 324
1 84 419
1 32 438
2 174
2 211
1 366 417
2 120
1 264 374
2 248
2 419
1 4 118
1 68 214
2 69
1 39 218
1 89 317
2 107
2 241
2 51
2 156
2 312
1 72 116
1 214 224
1 160 197
1 136 187
2 397
2 43
1 152 156
1 1 100
1 379 398
1 133 214
1 51 178
2 401
2 190
2 168
1 130 229
2 220
1 200 358
1 53 342
1 38 224
1 350 437
1 69 252
2 434
2 311
1 46 228
2 108
2 243
2 207
1 85 300
2 113
2 377
2 127
1 219 344
1 54 76
1 32 212
2 199
2 358
2 251
1 277 308
2 351
1 134 151
1 256 330
2 195
1 381 435
1 61 188
2 221
2 22
2 245
2 279
2 227
1 44 288
1 62 241
1 46 87
1 204 383
2 399
2 297
1 67 316
1 47 232
1 19 321
1 49 133
1 1 115
2 37
1 401 445
1 29 229
1 282 326
1 92 357
1 1 369
2 316
2 355
1 158 402
1 327 438
1 283 342
1 71 415
1 162 303
1 144 322
1 183 290
2 337
1 112 410
1 23 90
1 375 435
1 7 223
2 93
1 277 443
2 153
1 281 411
1 165 439
1 34 192
1 161 211
1 116 197
2 433
2 328
1 296 374
2 209
1 301 444
2 350
1 122 430
2 168
2 141
1 70 239
2 254
2 254
2 192
2 93
1 346 437
1 52 110
1 90 409
1 97 291
1 304 351
1 134 339
2 89
1 15 220
1 127 135
1 191 382
2 427
2 399
2 26
2 344
1 168 329
1 155 272
2 3
1 87 93
1 39 144
1 159 385
1 123 206
1 260 301
2 24
2 25
2 17
2 332
2 350
2 345
2 155
1 32 426
2 129
2 281
2 182
2 233
2 244
1 44 311
1 283 339
2 129
1 70 392
2 35
1 108 185
2 154
1 145 241
2 159
2 400
2 165
2 362
1 41 442
2 266
2 104
1 81 382
2 206
2 376
2 182
2 50
2 165
1 265 413
2 294
2 14
2 282
2 187
2 276
2 74
2 87
2 175
2 368
2 171
1 62 381
2 62
1 94 400
2 147
1 144 446
2 436
2 357
2 432
1 61 244
2 361
1 223 319
1 18 243
1 201 355
2 330
1 6 147
2 429
1 56 135
1 219 307
2 185
1 81 202
2 420
1 62 427
1 7 305
1 219 422
2 2
1 302 429
2 284
1 82 212
2 48
1 143 332
1 66 349
1 74 239
1 16 107
2 29
2 104
1 169 294
2 215
1 5 60
2 438
1 259 297
1 16 119
1 149 336
1 158 355
2 68
1 7 372
1 356 399
2 160
2 312
2 399
1 410 421
2 365
1 156 344
1 287 425
2 168
1 145 147
2 429
2 204
1 292 438
1 152 408
1 199 204
2 432
1 319 380
2 377
1 93 158
1 184 327
1 193 423
2 229
1 84 182
1 28 160
2 84
2 230
1 344 414
2 203
1 28 175
1 146 264
1 297 377
1 342 348
1 67 423
1 132 237
1 102 186
1 141 430
2 23
2 136
2 130
2 268
2 119
2 62
2 220
1 195 279
2 172
1 116 395
2 80
1 52 234
1 156 268
2 176
2 115
1 43 183
1 201 242
2 377
1 215 316
1 107 200
2 94
1 6 282
2 291
2 38
1 102 442
2 142
2 341
