283 3922
2 177
1 85 274
1 100 122
1 129 133
2 231
1 114 192
1 67 108
1 254 280
2 112
2 148
2 96
1 219 275
1 30 122
2 129
1 74 118
1 112 184
1 143 252
2 235
1 43 134
1 58 255
2 281
1 19 121
1 47 157
2 32
1 181 262
2 83
1 34 164
1 193 198
1 52 266
2 76
1 26 152
2 262
2 16
2 111
2 54
2 247
2 196
1 211 263
2 251
2 108
1 60 176
1 58 238
1 3 132
2 224
1 113 148
2 34
1 41 257
1 176 207
1 147 281
1 90 101
2 174
1 1 280
2 263
2 86
1 26 158
2 132
2 209
2 13
1 19 205
1 42 264
2 81
2 225
2 14
2 205
2 9
2 20
2 66
1 77 234
1 178 190
1 70 84
2 90
2 275
2 258
1 6 31
2 48
1 135 165
2 85
1 61 118
2 266
2 127
2 279
1 86 141
1 20 162
1 31 88
1 135 269
2 247
1 91 144
1 108 213
1 30 59
2 13
1 182 264
1 30 179
2 235
1 158 170
2 3
2 46
1 92 244
2 175
2 170
1 164 183
1 85 194
1 54 100
1 53 178
1 131 263
1 140 171
1 7 172
1 13 95
1 76 152
1 78 189
1 7 276
2 183
1 124 255
1 148 277
1 36 69
2 43
1 89 222
1 29 88
1 15 173
1 165 232
1 24 262
2 98
2 250
2 69
2 165
1 54 74
2 66
1 233 277
1 139 257
1 240 258
1 71 168
1 132 191
2 274
1 110 192
2 140
1 197 271
2 227
1 50 147
2 117
1 9 266
1 77 119
2 214
1 171 186
2 261
1 66 66
2 85
2 200
1 68 247
2 34
2 203
1 49 71
1 2 185
2 4
2 184
2 8
1 72 236
1 186 281
2 181
2 62
1 107 216
2 235
2 82
1 38 91
1 70 255
1 102 125
1 99 260
2 257
1 75 87
2 209
1 2 53
2 145
2 70
1 59 200
1 71 260
1 170 177
2 182
2 205
2 194
2 163
1 41 283
1 175 247
2 151
1 49 106
1 218 258
1 78 183
2 179
1 52 232
1 19 118
2 1
2 275
1 15 242
2 251
2 145
2 155
1 79 110
2 66
2 42
2 46
2 97
2 27
1 45 236
1 43 120
2 187
1 28 147
1 116 225
2 208
2 127
1 134 155
1 18 26
1 75 154
1 205 226
1 2 200
1 44 154
2 192
2 9
2 238
1 160 209
1 8 274
2 244
2 10
2 48
1 3 238
2 177
1 108 139
2 265
2 65
2 12
2 73
1 217 272
1 156 187
1 44 247
1 127 173
2 98
1 85 144
2 185
2 50
2 169
1 211 262
2 59
2 44
2 46
1 41 120
1 117 230
1 214 230
1 10 230
1 272 279
2 241
2 36
2 246
1 16 168
1 131 204
2 99
1 38 134
1 21 56
2 277
2 162
1 4 149
1 82 242
1 21 99
1 53 141
2 29
1 27 165
2 231
2 22
1 9 82
2 149
1 65 70
2 51
2 159
1 135 254
1 146 242
2 73
1 172 228
2 171
2 256
2 171
1 133 199
1 87 185
1 69 206
1 175 180
1 64 170
2 11
1 56 196
2 72
1 14 260
1 20 110
2 66
2 261
1 57 124
1 8 23
2 33
2 234
2 129
2 89
2 75
1 243 259
2 49
2 48
1 155 200
1 28 252
2 14
2 176
1 196 269
1 84 176
2 42
2 184
2 271
2 40
1 219 263
1 33 113
2 102
2 196
2 146
1 71 92
1 54 109
1 57 227
1 21 184
2 42
2 54
2 112
2 48
2 210
1 165 280
1 10 230
2 179
2 211
2 12
2 247
2 126
2 14
1 210 226
2 15
1 74 229
1 14 126
2 90
2 78
1 192 196
1 159 163
2 112
1 114 189
2 115
2 250
2 162
2 250
1 60 83
1 32 242
2 86
2 66
1 70 75
1 107 188
2 20
1 21 196
1 149 251
2 277
1 200 270
1 183 240
1 8 101
2 52
2 111
1 22 256
2 185
1 109 134
1 35 208
2 195
1 70 175
1 187 217
1 9 96
1 108 146
2 252
2 170
2 85
2 182
1 186 272
1 128 270
1 93 252
2 49
1 106 223
2 41
1 2 78
2 215
2 212
2 35
1 13 111
2 64
2 105
1 228 229
2 234
1 59 179
2 208
1 150 193
2 247
2 178
1 211 237
1 62 77
2 237
1 66 277
2 212
2 106
2 47
2 173
1 35 232
2 175
1 146 272
1 8 38
1 54 109
1 61 252
1 81 271
1 16 249
1 8 181
1 110 256
2 43
1 72 140
1 200 206
2 117
1 50 95
1 43 79
2 142
1 16 204
1 130 259
1 126 280
1 188 209
2 38
2 281
2 1
2 180
2 105
2 232
2 4
2 5
2 180
2 106
1 74 160
1 105 193
2 254
1 57 199
1 55 184
1 11 260
2 247
2 41
1 48 283
1 182 277
1 81 146
2 271
2 57
1 29 222
2 255
1 48 220
1 39 142
2 215
1 261 270
1 65 219
1 36 170
1 32 147
1 28 265
1 31 248
1 34 266
2 82
1 103 111
1 87 96
1 7 116
1 10 60
2 115
2 75
1 215 262
1 44 177
2 246
2 202
1 200 249
1 153 201
1 111 146
1 136 165
1 155 229
2 90
1 145 161
1 171 276
2 246
2 106
1 109 133
1 15 173
1 24 154
1 166 207
1 10 238
2 283
2 119
1 18 98
2 147
2 159
1 10 194
1 216 275
1 231 234
1 63 233
2 93
2 126
2 32
1 24 205
1 27 110
2 154
2 106
2 112
1 58 138
1 40 204
1 220 261
2 85
2 19
2 39
1 1 112
2 154
1 141 247
2 271
2 126
1 48 89
2 184
2 89
1 187 276
1 77 208
1 191 261
1 20 176
2 118
1 149 276
2 9
2 181
2 165
2 81
1 50 271
2 125
2 27
2 199
2 12
2 128
1 10 191
2 84
2 15
2 194
1 1 94
1 274 276
2 69
2 162
2 57
1 201 221
1 70 266
2 249
1 160 233
2 167
1 49 164
2 39
2 269
2 188
2 231
2 215
2 223
2 110
1 160 233
1 39 248
1 95 193
2 228
1 69 96
2 8
1 59 116
2 271
1 42 50
2 132
2 227
2 283
2 53
2 102
2 79
1 29 98
2 155
1 26 81
1 157 180
2 247
1 85 208
2 144
1 127 183
1 40 232
2 228
1 58 72
1 6 106
1 6 160
2 53
1 80 140
1 67 273
2 209
2 72
1 76 174
2 208
1 136 280
2 184
2 86
1 13 89
2 76
1 91 155
2 256
1 20 165
2 221
1 183 231
2 15
1 122 184
2 57
1 137 256
1 70 221
2 253
2 173
1 188 210
1 81 108
2 28
1 71 72
1 25 69
1 129 229
2 266
1 44 191
2 60
1 39 174
1 139 152
2 129
1 158 205
2 77
1 26 224
1 85 198
2 166
1 21 108
1 14 214
2 257
1 148 282
2 91
1 134 202
1 103 272
1 167 265
2 177
1 190 194
2 211
2 200
2 156
2 274
2 162
1 11 228
1 29 124
1 250 279
1 145 254
2 75
1 35 96
1 54 206
2 177
2 277
1 179 275
2 256
2 38
2 11
1 111 269
1 120 222
2 273
1 79 200
2 103
1 230 282
2 107
1 49 200
1 43 131
2 49
2 13
2 202
2 241
1 11 248
2 116
2 113
1 1 74
1 13 281
1 38 116
1 63 139
2 198
1 87 88
2 4
2 158
1 129 239
2 140
1 1 76
2 110
2 141
1 10 273
1 112 261
1 147 204
1 127 262
1 22 138
1 85 250
1 98 134
2 92
1 11 233
1 188 214
2 156
2 36
2 102
1 107 163
2 108
1 5 69
2 124
1 111 164
2 74
2 51
2 77
1 24 198
2 99
2 110
2 174
1 51 188
2 82
2 104
2 188
2 222
2 228
2 244
2 58
2 108
1 88 96
1 76 175
1 20 276
1 73 276
2 166
1 145 227
1 87 107
1 28 132
1 117 273
2 71
1 206 271
1 157 249
2 76
2 239
2 16
1 35 278
2 12
2 110
2 170
1 152 236
2 176
1 84 214
2 157
2 22
2 6
1 207 254
2 191
2 133
2 17
1 34 153
2 223
1 114 118
2 122
2 1
1 172 198
2 167
2 118
1 81 238
1 42 102
2 36
1 144 211
1 64 215
2 192
1 85 277
2 82
1 233 250
1 91 177
1 212 222
2 71
2 223
2 90
1 100 247
1 142 268
2 99
2 155
1 126 257
2 215
2 114
1 54 91
1 201 249
1 111 279
2 111
2 64
1 15 180
2 186
2 114
2 186
1 158 254
1 259 271
2 31
1 165 279
1 70 273
2 189
1 188 256
2 39
2 230
1 2 94
1 5 51
2 87
2 138
1 101 240
1 15 86
2 202
1 79 177
1 167 262
1 38 152
1 92 199
2 70
2 55
1 192 213
1 73 94
2 186
2 273
1 42 97
1 137 147
2 196
2 281
2 34
2 234
1 23 142
1 60 235
2 35
2 91
2 226
1 22 48
1 84 264
2 236
1 54 128
2 126
2 257
1 165 237
2 33
2 189
1 37 54
2 179
2 72
2 211
1 53 160
1 165 226
1 81 163
1 222 227
1 136 174
1 60 166
2 242
1 107 278
1 114 161
2 7
2 7
1 68 261
2 50
2 89
2 58
1 53 148
2 174
2 106
2 262
2 230
2 53
2 236
1 2 261
1 89 95
2 168
2 148
2 283
2 88
2 38
2 197
2 171
1 11 100
1 108 172
2 50
2 242
2 185
2 132
2 216
2 32
2 226
2 66
2 138
2 113
2 69
1 234 257
2 17
1 188 265
1 172 267
1 206 276
2 201
1 31 42
2 74
2 117
1 189 205
1 91 258
2 105
2 209
1 145 213
2 222
1 71 280
2 254
2 57
1 70 262
2 74
2 25
1 31 170
1 39 73
2 49
1 199 272
2 148
1 94 108
1 23 282
1 24 130
1 191 260
2 252
1 64 236
1 47 211
2 211
1 81 99
1 242 244
2 92
1 43 128
2 127
1 219 242
1 253 263
1 77 235
2 268
1 87 151
2 266
1 131 249
1 185 258
1 19 45
2 79
2 126
1 226 256
2 86
2 160
2 71
2 127
1 193 268
1 102 146
1 131 229
1 13 22
2 39
2 242
2 94
2 88
1 107 275
1 266 276
2 79
2 264
1 208 257
2 160
1 50 165
2 166
2 151
1 16 170
2 97
1 110 142
2 185
1 14 254
2 69
2 232
2 29
1 56 201
2 218
1 60 108
2 118
2 106
1 120 213
1 35 125
1 9 190
2 157
2 68
2 136
1 223 276
2 230
2 258
2 166
2 188
1 9 22
2 262
2 208
1 150 217
2 83
2 69
1 63 129
1 235 246
2 102
2 277
2 131
1 66 143
2 167
1 128 241
1 175 256
2 130
1 86 276
2 93
2 283
1 107 237
1 86 277
2 120
1 176 252
1 50 76
2 26
1 158 241
1 33 62
1 189 268
1 24 52
2 219
1 210 283
2 111
2 7
2 191
2 137
1 131 249
2 204
2 127
2 153
1 8 149
1 4 277
1 3 205
1 182 196
2 245
2 228
1 5 169
1 192 243
1 64 267
2 220
1 68 270
2 240
1 247 258
1 5 21
2 241
2 28
1 200 271
2 237
1 5 210
2 269
1 104 125
1 194 203
2 109
2 222
1 116 193
1 21 191
1 99 165
2 187
1 10 119
1 73 107
2 225
2 192
2 59
1 36 208
1 218 245
1 61 257
1 35 177
1 74 207
1 159 247
1 2 78
2 165
1 37 212
2 210
2 181
2 282
1 28 104
1 197 246
1 177 230
2 70
1 195 198
1 259 277
1 122 143
1 23 258
2 16
1 66 158
2 205
1 200 218
2 268
2 222
1 140 235
1 8 202
2 238
1 116 205
1 31 107
1 173 197
1 63 242
1 13 82
2 232
2 225
1 80 139
1 184 243
2 159
2 265
2 219
1 46 117
2 230
2 99
2 131
2 5
2 223
2 159
2 207
2 261
2 73
2 234
1 116 221
1 118 138
2 41
2 150
1 49 55
2 63
2 175
2 36
2 283
2 99
1 146 197
2 166
1 80 122
1 5 99
2 179
1 172 280
2 186
2 139
1 96 159
2 145
2 16
2 235
2 78
1 83 133
2 228
2 60
1 82 119
2 167
2 109
2 254
2 219
2 6
1 101 225
1 169 204
1 194 270
2 242
2 271
2 108
2 39
1 95 171
2 148
2 26
2 106
1 122 208
2 27
2 49
2 91
2 272
1 48 125
2 258
2 76
2 105
2 153
1 150 197
1 53 258
2 244
2 126
1 142 206
1 128 191
2 189
1 20 161
1 211 267
1 59 257
1 58 60
1 14 89
1 28 226
2 25
2 187
2 110
2 46
2 145
2 122
2 178
2 133
1 51 183
1 118 243
2 233
1 37 205
1 32 206
1 15 228
2 244
2 141
2 142
2 12
1 57 112
1 39 125
1 179 256
1 23 154
2 217
2 20
2 130
2 227
2 257
2 167
2 10
2 115
1 123 203
1 30 86
1 16 67
1 97 152
1 14 82
1 155 228
1 24 222
1 14 220
2 8
1 112 174
1 181 251
1 138 211
1 223 279
1 8 207
2 267
2 15
1 92 203
1 166 232
1 63 148
1 82 215
1 61 145
1 176 206
2 141
1 8 248
1 101 243
1 25 137
2 58
1 215 261
1 36 189
1 231 268
2 35
2 1
2 152
2 272
2 200
2 52
1 148 186
1 225 230
2 50
2 39
1 140 210
2 63
1 26 34
2 73
1 65 177
2 226
2 83
2 35
1 80 231
2 174
1 139 223
2 202
1 94 203
1 76 125
2 70
2 283
2 5
1 42 248
1 15 15
1 151 198
2 210
2 275
2 23
2 167
2 264
2 147
1 94 277
1 112 146
2 141
2 138
1 57 262
2 39
1 108 198
1 149 216
1 77 166
1 125 222
1 153 245
1 104 252
2 7
2 152
2 164
2 236
1 17 200
1 30 168
2 36
1 59 64
1 38 121
2 106
1 242 277
2 133
2 206
1 85 192
2 5
1 37 255
2 222
1 87 132
1 6 221
1 1 37
1 29 72
1 138 237
1 19 97
1 146 215
2 161
1 229 255
1 187 270
2 220
1 129 226
2 274
2 129
2 264
1 137 216
2 157
1 191 282
2 278
2 274
1 142 273
2 161
2 168
1 27 99
2 73
1 77 157
2 114
2 153
2 219
2 241
1 40 84
1 151 220
1 75 276
1 43 78
2 21
1 83 228
1 56 206
1 168 235
1 46 187
2 133
1 173 184
1 8 153
2 110
1 211 274
1 34 111
1 2 102
1 194 253
1 106 240
2 132
2 216
2 13
2 69
1 2 133
1 47 268
1 182 190
2 52
1 73 96
2 97
1 205 224
2 17
2 87
1 55 75
2 121
2 199
2 203
2 120
2 61
1 67 157
1 22 67
1 196 224
1 256 256
1 20 129
2 192
2 259
1 195 276
2 3
1 102 215
2 177
2 39
2 50
1 139 158
2 45
2 224
2 47
2 200
1 103 163
1 87 121
1 117 153
2 203
2 84
1 48 127
2 118
1 119 155
1 224 236
1 221 244
2 167
2 16
2 247
1 55 224
1 60 203
1 98 213
1 42 150
1 157 265
1 52 263
1 148 184
1 215 278
1 51 133
2 151
1 81 162
1 118 238
1 121 217
2 122
2 39
2 241
2 264
2 17
1 80 242
2 150
1 113 253
2 236
2 187
2 214
1 83 280
1 194 211
2 19
2 30
1 4 111
2 71
1 199 251
2 174
1 150 239
1 120 232
1 18 82
1 25 260
1 37 239
1 79 283
2 221
2 169
1 72 142
1 54 186
2 67
1 119 191
1 119 156
2 52
1 27 43
1 46 54
2 214
1 23 234
1 20 48
2 239
2 251
1 143 271
1 37 256
2 146
1 36 283
1 73 144
1 43 48
2 214
1 7 273
1 190 281
2 58
1 66 212
2 128
2 156
2 111
2 14
2 254
1 72 193
1 17 83
2 261
2 220
2 180
1 199 207
1 149 197
2 187
2 168
1 178 228
1 12 41
1 80 206
2 131
2 254
2 101
2 101
1 26 177
1 46 154
1 111 192
1 171 256
1 157 158
1 159 272
1 137 148
2 276
2 273
1 3 99
1 85 215
1 217 272
2 187
1 111 139
1 122 147
1 33 68
2 214
1 63 102
2 30
1 168 225
1 37 162
1 190 209
1 41 66
1 106 136
1 76 115
2 270
2 52
1 11 66
2 157
1 23 135
1 4 87
2 240
1 145 181
1 148 160
2 221
2 247
1 170 180
1 81 218
1 89 241
2 257
2 38
1 110 224
1 53 207
2 132
1 62 123
1 22 34
2 78
1 34 137
1 3 254
1 38 140
1 17 85
1 72 279
2 35
2 225
1 102 272
2 270
2 108
1 33 106
1 145 167
2 219
2 148
2 37
2 109
1 187 267
2 152
1 70 241
1 106 229
1 77 223
2 23
2 54
1 10 36
2 49
1 188 206
2 79
1 202 222
1 58 207
2 185
1 150 261
1 73 114
2 35
2 209
1 88 115
1 32 62
2 197
1 87 105
1 23 63
2 263
2 156
1 78 162
2 277
2 242
1 172 195
1 57 69
1 20 69
1 176 264
1 72 245
2 197
2 80
2 95
1 42 48
2 231
2 233
2 228
1 218 272
2 60
2 168
1 228 261
2 220
1 151 247
2 225
2 110
1 16 58
1 252 267
1 86 153
2 83
1 71 161
2 203
2 40
1 173 251
1 103 258
2 26
1 251 262
2 244
2 20
2 59
1 178 273
1 183 247
1 72 200
2 139
2 135
2 21
1 61 180
1 29 43
1 45 53
2 237
2 247
2 26
1 49 144
1 88 124
2 229
2 225
2 86
1 59 244
1 224 232
2 14
2 137
2 231
2 136
2 78
2 109
1 86 262
1 68 155
1 1 101
2 107
2 62
1 76 257
2 183
2 27
2 246
2 213
2 185
2 218
1 1 63
1 61 245
2 150
1 30 75
2 84
2 102
1 2 57
1 256 260
2 82
2 215
2 31
1 90 187
2 85
1 57 202
2 264
2 127
1 139 280
2 180
1 62 244
1 135 248
2 89
2 67
2 132
2 72
2 235
2 2
1 31 218
1 73 217
2 232
2 187
2 281
1 14 79
2 255
1 2 158
1 78 99
2 166
1 107 180
1 147 270
2 188
1 34 240
1 73 222
2 157
1 175 268
1 107 118
2 53
1 83 190
2 220
1 214 280
1 92 197
2 102
1 145 197
2 61
2 212
1 254 264
2 229
2 258
1 143 254
1 6 256
1 10 149
1 150 189
2 120
2 50
1 153 234
1 9 21
1 7 132
1 44 52
2 24
1 197 231
1 53 237
1 174 230
2 253
2 110
2 179
2 135
1 32 136
2 172
1 273 278
1 18 236
1 51 61
1 70 87
1 69 130
1 45 113
1 113 194
2 118
2 168
1 1 149
2 232
2 221
1 66 266
1 24 52
1 16 33
1 122 261
1 105 191
1 80 80
1 132 172
1 6 29
2 150
2 250
1 267 268
2 281
1 69 139
1 65 117
1 75 200
1 231 263
2 161
2 5
1 26 185
2 181
1 199 259
1 103 115
1 26 75
1 86 206
2 29
2 227
2 67
2 68
1 16 41
2 212
1 27 187
2 185
2 232
1 31 61
1 146 187
1 213 262
1 129 184
1 112 222
1 205 242
2 256
2 134
2 45
1 28 155
1 45 166
2 3
2 139
1 125 263
2 37
1 11 162
1 52 157
1 171 257
1 124 155
2 33
1 77 140
1 95 271
2 15
2 205
2 277
2 181
2 180
1 29 150
1 34 192
1 157 193
1 11 59
2 29
2 262
2 62
1 71 159
1 238 267
1 4 46
1 1 246
2 278
1 116 248
2 167
1 217 275
1 17 71
2 221
2 249
2 119
1 101 140
1 142 170
2 1
1 169 215
2 9
1 194 281
2 149
2 28
2 248
2 80
2 61
2 63
1 93 103
2 188
2 109
1 171 224
2 21
2 31
1 44 220
1 44 119
2 195
2 69
1 37 93
1 52 169
2 236
2 15
2 254
2 51
2 125
1 70 275
2 91
2 226
2 278
1 4 258
2 262
1 27 213
1 33 163
1 138 192
1 1 60
1 101 126
1 99 197
2 95
1 9 57
2 7
2 183
1 95 244
1 112 168
2 236
2 74
1 144 261
2 269
2 2
1 66 80
1 18 262
2 52
2 227
1 189 221
2 250
2 143
2 26
1 56 267
2 258
1 106 197
2 193
2 281
1 81 120
2 209
2 135
2 184
2 161
1 34 107
1 85 228
1 52 282
2 185
2 100
1 91 195
2 267
2 14
1 65 161
2 230
2 117
2 193
2 224
2 153
1 88 146
1 164 221
1 94 122
2 266
2 173
2 239
2 109
2 148
1 219 276
2 130
2 128
2 202
1 58 190
1 47 93
2 215
2 60
2 215
1 114 143
1 48 200
1 200 254
1 51 133
1 7 67
2 74
1 108 196
2 74
2 222
2 45
1 46 181
2 113
2 93
1 89 180
2 250
2 64
2 275
2 191
1 182 217
2 103
2 156
1 138 217
2 15
2 7
1 23 138
2 46
1 210 220
2 158
1 68 126
2 12
2 84
1 153 219
2 262
2 156
2 141
2 24
2 208
1 199 252
1 91 248
1 41 73
2 225
2 32
1 59 260
1 140 229
2 283
2 254
2 221
1 70 101
1 44 94
1 98 117
2 94
1 272 272
2 203
1 89 218
2 152
1 83 144
1 53 216
2 123
1 39 73
2 117
1 87 130
2 107
1 44 121
2 108
1 103 279
1 31 115
1 154 275
2 87
2 257
1 63 239
2 91
2 143
1 78 201
1 52 199
1 34 182
1 76 252
1 95 176
1 17 77
2 212
1 149 150
1 3 97
1 167 219
2 90
1 140 223
1 216 218
2 181
2 164
1 11 235
2 236
2 8
1 44 185
2 89
1 157 275
2 24
2 40
2 2
2 105
2 26
1 26 32
2 65
1 161 210
1 16 139
1 20 97
2 67
2 81
2 167
1 178 240
1 18 153
1 99 159
1 1 208
1 97 265
2 126
2 28
2 97
1 158 204
2 192
2 10
1 71 193
1 28 213
2 12
2 80
2 233
2 131
2 120
2 188
1 67 71
2 277
2 99
1 29 155
2 28
2 73
2 191
2 160
1 44 113
1 147 243
1 124 197
1 97 257
1 66 151
1 16 53
2 157
1 25 83
1 102 226
2 142
2 28
1 34 248
1 48 190
2 103
2 234
2 258
2 278
2 57
2 18
1 137 255
2 87
1 155 280
1 6 135
1 143 154
2 146
1 7 66
1 84 192
2 247
1 156 283
2 72
2 60
1 59 177
2 166
1 50 80
1 27 230
1 198 280
1 4 173
1 65 189
2 117
1 10 68
1 109 238
1 210 210
2 38
2 260
1 1 184
1 83 238
2 206
2 265
2 201
2 181
2 70
1 94 209
1 27 155
2 209
2 280
1 103 193
1 3 52
1 63 150
2 87
1 57 60
2 49
2 146
2 30
2 247
1 28 60
2 9
2 103
2 217
2 206
2 178
1 107 142
1 166 171
1 84 159
1 69 241
2 201
2 55
2 128
2 163
2 11
2 3
2 41
1 203 223
2 69
1 21 223
2 85
1 7 93
2 143
1 47 190
1 119 196
2 86
1 56 93
2 5
2 261
1 159 234
1 32 190
2 21
2 137
2 44
2 164
2 219
1 94 273
2 47
2 208
1 29 56
2 214
2 277
2 48
1 200 261
2 131
1 64 217
1 50 134
1 6 28
1 58 203
2 152
1 18 47
2 91
1 108 112
1 41 256
1 32 204
2 160
2 266
2 92
2 73
2 89
2 170
2 73
2 161
2 27
1 126 232
2 277
2 90
1 202 227
1 10 182
1 10 259
2 27
2 271
1 93 138
2 251
1 22 220
2 239
2 114
2 246
1 14 140
2 218
2 225
2 243
2 28
1 226 278
1 230 265
1 71 240
1 178 198
2 115
2 15
2 181
1 27 108
1 104 188
2 253
1 236 270
2 132
2 34
1 222 223
1 125 126
1 196 269
2 14
2 175
2 37
1 78 223
1 32 137
1 272 283
2 67
2 176
2 56
1 1 145
2 37
2 145
2 5
2 195
1 37 177
2 25
1 14 201
1 1 196
1 86 236
2 197
1 93 268
1 94 218
1 81 275
1 249 264
2 103
2 181
1 14 53
1 2 123
1 79 228
1 190 193
2 88
2 44
2 166
2 76
2 76
2 275
1 47 109
1 51 126
1 56 64
2 220
2 101
2 162
1 137 180
2 202
1 125 172
2 200
1 138 221
2 107
1 30 91
1 111 202
2 95
2 170
2 196
1 35 37
2 39
2 6
2 18
2 232
1 79 120
2 126
1 69 249
2 218
2 201
1 24 115
2 134
2 46
2 210
1 16 91
2 114
2 56
2 61
2 120
1 165 182
1 14 21
2 79
1 6 248
1 131 193
2 124
2 264
1 60 216
2 199
1 76 122
2 13
1 207 218
1 141 232
1 112 130
2 12
1 119 168
2 239
1 9 221
1 21 202
1 114 129
1 141 220
1 190 250
2 167
2 44
1 2 97
1 37 124
2 96
2 61
2 125
1 11 246
1 122 217
2 53
2 70
2 171
1 18 76
1 97 235
2 34
1 119 149
1 198 236
1 159 216
2 265
2 114
1 148 244
1 178 180
2 101
1 133 220
1 115 137
1 123 159
2 173
1 63 97
2 5
1 11 180
1 75 141
1 84 108
1 48 109
1 139 267
1 224 280
1 60 211
2 146
2 123
1 93 105
1 58 117
2 263
2 196
1 5 97
1 182 183
1 115 221
2 260
2 155
2 152
2 30
2 150
1 64 252
1 213 270
1 49 264
1 96 150
1 225 242
2 99
2 175
2 238
2 263
2 1
2 161
2 103
1 98 108
2 35
1 191 206
2 214
1 34 271
2 137
2 145
2 90
2 278
1 165 236
1 20 272
2 165
1 146 277
1 74 264
2 243
1 134 219
2 24
1 100 212
1 143 275
1 15 264
1 266 279
1 26 155
1 21 105
2 212
2 161
2 174
2 115
2 82
2 205
1 74 132
2 67
1 104 147
1 267 277
2 97
2 266
1 112 206
1 214 264
2 47
2 280
1 109 242
2 16
2 212
2 21
1 88 131
2 232
1 199 266
1 106 117
1 174 259
1 19 184
2 96
2 45
1 43 149
2 237
1 32 264
2 92
1 81 106
2 129
2 239
1 100 158
1 248 255
1 229 267
1 221 262
1 5 158
2 65
2 107
2 191
2 106
2 14
1 21 97
1 217 217
2 66
2 262
2 228
2 222
1 70 228
2 283
1 162 205
1 150 254
2 144
1 62 110
2 181
1 196 204
1 12 124
2 244
1 51 108
2 101
2 204
2 251
1 50 181
1 103 131
2 162
1 194 247
1 3 14
2 85
1 114 121
1 175 191
2 209
2 186
2 184
2 29
1 55 94
1 84 84
1 47 109
2 156
1 114 203
1 15 279
2 109
1 7 253
2 276
1 73 240
2 105
1 52 115
1 149 158
1 133 207
2 246
2 246
1 35 146
2 247
2 151
1 41 212
1 20 183
2 193
1 61 82
1 29 90
1 147 252
1 26 160
2 229
1 70 218
1 213 214
2 29
2 155
1 9 273
1 20 141
1 36 97
2 9
1 34 185
2 8
2 97
2 57
1 222 230
1 173 266
1 176 192
2 272
1 74 201
1 264 281
2 109
1 217 272
2 260
2 82
2 227
2 52
1 49 177
1 17 200
2 211
1 19 230
1 32 89
1 36 262
1 13 118
2 177
1 204 269
1 40 42
1 66 266
2 8
2 269
1 82 162
1 178 203
1 17 165
2 275
1 75 220
1 244 270
2 127
2 109
1 170 175
1 56 214
1 154 213
1 126 138
1 254 281
2 104
2 142
2 26
1 16 168
1 34 112
1 13 267
1 184 203
1 48 185
1 121 254
2 136
1 78 249
2 175
2 145
1 24 30
1 9 256
2 230
2 172
2 89
2 93
1 5 190
1 133 195
1 76 230
2 261
2 219
1 49 129
1 99 255
1 111 253
2 239
1 64 111
1 16 258
1 103 177
2 200
1 58 78
1 218 281
2 23
1 225 261
1 35 184
1 31 136
1 49 146
1 176 191
1 225 273
2 55
1 5 25
2 252
2 131
2 281
2 126
1 14 183
1 54 127
1 47 107
1 36 283
1 13 185
1 46 139
1 7 273
2 262
1 194 225
2 96
1 43 108
2 122
2 268
2 81
2 166
2 120
2 208
1 186 248
1 102 115
2 275
2 253
1 72 133
2 100
2 114
1 124 226
1 150 189
2 52
1 97 243
1 99 151
1 36 90
1 109 190
1 87 249
2 184
1 86 227
2 223
1 96 164
1 149 272
1 32 187
1 42 145
2 281
2 110
1 27 258
2 92
2 15
2 266
2 61
2 95
2 201
1 60 255
2 118
1 240 246
1 85 104
2 145
2 169
2 56
1 37 186
1 135 139
2 256
2 231
1 61 214
1 33 98
2 53
1 63 226
2 163
2 221
2 58
1 83 217
2 201
1 131 212
1 168 183
1 79 259
1 195 206
1 128 195
2 80
1 50 60
1 180 260
1 107 173
1 181 206
1 208 266
1 136 240
1 226 235
1 247 280
2 24
1 29 267
1 87 129
1 177 277
1 83 86
1 165 262
2 165
2 188
1 41 176
1 134 137
2 208
1 205 240
2 78
1 208 240
2 179
1 89 202
1 6 94
1 163 242
1 110 230
1 10 118
2 65
1 118 125
1 87 144
2 28
2 272
2 81
2 98
1 90 242
1 132 245
2 64
2 24
1 25 123
2 21
1 47 61
2 37
2 16
1 79 176
1 239 282
1 104 264
1 151 243
2 143
1 179 185
1 59 256
2 271
1 148 160
2 103
2 144
2 4
2 205
1 194 236
1 25 44
1 121 182
2 206
2 119
2 155
2 37
1 10 12
1 1 237
2 22
2 165
1 86 259
1 56 261
2 207
1 36 188
2 256
1 5 57
2 119
1 172 247
2 264
2 53
1 129 177
2 19
2 111
2 190
1 132 164
1 188 280
1 40 268
2 119
1 38 113
2 216
1 3 59
2 21
2 220
1 186 213
1 55 201
1 191 270
2 106
1 12 256
1 115 225
1 56 59
2 62
1 223 240
2 50
2 8
1 103 240
2 36
2 149
1 27 142
2 248
2 217
2 265
2 139
1 25 277
2 60
2 36
1 3 67
2 237
1 75 253
2 253
1 170 229
2 111
1 7 170
2 160
2 222
1 177 238
1 179 235
2 66
1 144 207
1 150 222
1 23 73
1 206 260
1 83 190
2 170
2 153
2 45
1 46 225
1 67 242
1 6 116
1 20 227
2 62
1 100 186
2 138
2 208
2 188
1 79 264
1 49 193
2 169
1 97 124
2 265
2 208
2 126
2 98
1 165 179
1 49 257
2 166
1 5 88
2 248
2 127
2 236
1 62 101
1 70 282
1 16 93
1 40 204
1 36 231
1 136 264
2 278
2 201
2 48
2 163
1 24 181
1 211 272
1 45 82
1 5 219
2 19
2 233
1 83 161
2 98
2 73
2 122
2 59
1 36 110
2 104
1 44 116
2 244
2 187
2 105
1 77 129
1 124 282
1 4 66
1 83 137
2 187
1 110 229
2 123
1 249 281
2 207
2 160
1 141 252
1 183 225
1 102 146
2 182
1 62 161
2 109
2 14
1 92 185
2 143
1 96 209
2 92
2 58
2 64
2 250
1 160 186
1 160 278
1 167 244
1 30 56
1 119 274
2 124
2 2
1 39 190
2 77
1 174 270
2 71
2 47
1 169 274
2 229
1 44 52
2 277
2 241
1 181 193
2 82
2 100
1 73 236
1 9 271
2 41
2 85
2 225
2 250
1 154 216
1 98 199
1 139 218
1 47 244
2 7
2 112
1 161 161
2 106
2 7
2 60
2 108
1 100 231
1 18 191
2 13
2 157
1 76 151
2 256
1 119 263
2 15
1 55 170
2 194
2 122
2 27
1 44 157
2 251
2 49
1 60 101
2 191
1 104 172
1 169 196
2 161
1 20 258
1 232 275
1 204 264
2 31
2 277
1 31 138
2 243
1 235 256
2 252
1 64 78
1 34 213
1 120 250
1 167 178
2 49
2 266
2 257
2 127
2 80
1 54 194
2 241
2 201
2 165
1 66 213
1 136 228
2 202
1 57 215
2 206
2 88
1 219 239
2 42
1 169 249
1 100 139
2 122
1 27 210
1 30 99
1 136 238
2 197
2 81
1 64 158
2 220
1 84 111
2 72
2 97
1 6 113
1 234 257
1 3 75
1 26 264
1 27 183
1 105 203
2 103
1 147 223
2 213
1 91 170
1 96 223
2 171
2 28
2 249
1 26 231
2 185
1 267 270
2 193
1 29 243
2 94
2 4
1 242 248
2 273
1 211 273
1 10 204
2 30
2 73
1 61 118
1 98 123
1 94 263
1 250 271
1 21 206
1 28 191
1 60 263
2 45
1 152 259
1 33 256
1 32 87
2 59
2 199
2 219
1 21 99
2 182
1 73 223
2 153
1 42 231
2 54
1 123 194
1 147 280
1 189 278
2 216
1 123 159
2 14
2 164
2 13
1 167 204
1 4 159
1 105 224
1 4 134
2 9
2 180
2 182
2 158
1 13 251
2 13
1 54 264
2 138
1 128 258
2 195
2 58
1 51 103
2 32
2 164
1 133 252
2 134
1 70 252
1 1 246
1 233 271
2 132
2 220
2 3
2 95
2 116
2 8
1 173 187
2 68
1 177 258
1 41 77
1 33 190
1 198 227
1 29 50
1 43 238
1 103 140
1 100 112
2 44
1 209 263
1 244 263
1 176 237
1 107 155
2 105
2 135
2 99
2 41
1 183 193
1 123 197
1 10 251
1 198 249
1 71 266
1 72 99
1 181 281
1 182 190
2 2
2 254
1 146 177
1 35 90
2 89
1 13 42
1 247 255
1 13 191
2 95
2 253
2 22
2 191
2 40
2 24
2 167
2 66
1 109 220
1 213 220
2 96
1 154 210
1 94 185
2 184
1 74 203
2 213
1 213 264
1 171 271
1 50 84
1 40 152
2 123
2 187
1 148 281
1 1 52
2 208
2 192
2 51
2 255
2 224
1 189 267
2 234
2 234
2 102
1 27 165
1 137 147
1 72 233
1 100 233
1 100 278
1 58 175
1 150 269
2 107
2 192
2 186
1 30 121
2 41
2 99
1 12 85
1 63 194
1 60 105
1 108 200
1 126 160
2 232
2 18
2 131
1 62 146
1 126 267
1 54 175
2 62
1 72 126
2 274
2 122
1 94 190
1 228 251
1 204 244
1 65 154
2 26
1 35 123
2 97
1 89 227
2 103
2 141
1 18 104
1 211 212
1 53 195
1 48 53
2 3
2 71
2 169
1 65 235
1 9 10
2 152
2 107
1 13 113
2 203
1 79 269
1 181 185
1 37 53
2 226
1 58 252
2 150
1 180 230
1 192 206
2 91
1 202 258
2 38
1 86 113
2 87
2 195
2 81
1 11 274
2 253
1 230 265
2 135
1 154 230
1 118 268
1 67 92
2 30
1 115 200
2 183
1 53 77
2 88
1 71 125
2 42
1 33 247
1 82 253
1 120 166
1 52 145
1 47 48
2 264
2 57
2 72
1 152 207
2 105
1 34 135
2 250
2 229
1 74 185
2 119
1 127 223
2 173
2 135
2 209
2 50
1 147 254
2 68
2 69
1 164 194
2 202
2 85
2 266
2 110
1 128 152
1 143 249
2 50
2 68
1 17 277
1 32 119
1 76 181
1 61 176
1 255 267
1 133 226
1 177 234
1 21 117
1 58 167
2 119
2 51
1 14 168
2 233
2 178
1 10 149
2 219
2 224
2 65
2 147
2 113
2 97
1 218 223
1 149 239
2 178
1 96 114
2 73
2 55
1 219 222
1 21 117
2 252
1 112 150
1 266 268
2 10
2 209
1 120 243
1 179 270
2 19
2 81
2 118
2 72
2 171
2 62
1 84 244
1 99 148
2 161
1 41 173
2 125
1 92 120
2 192
2 114
1 26 202
2 144
2 122
2 276
2 152
1 175 219
1 47 266
2 170
1 145 214
2 1
2 78
1 76 242
2 193
2 248
1 77 109
1 153 254
1 132 260
2 226
2 27
1 109 220
1 96 97
1 161 228
2 82
2 281
2 223
1 63 185
2 104
1 25 153
1 98 211
2 16
2 36
2 146
1 87 118
2 185
1 72 221
2 85
1 185 279
2 248
1 213 282
1 163 206
1 64 88
1 63 157
1 97 187
2 213
2 169
2 246
2 132
1 95 265
2 85
1 6 211
1 10 66
2 139
1 40 208
1 256 265
2 87
1 81 278
1 100 175
2 61
1 63 78
1 179 181
2 171
1 5 265
1 225 233
2 182
2 40
2 231
1 62 262
1 32 181
2 97
1 56 124
2 143
2 226
2 139
2 68
2 3
1 198 242
1 5 274
1 125 180
2 157
2 64
2 40
1 24 57
2 167
1 82 129
2 187
1 208 253
1 77 133
2 261
1 30 205
2 223
2 253
2 243
1 153 201
1 12 94
2 151
2 141
2 46
2 237
2 160
2 246
2 172
1 23 196
1 46 226
2 130
1 189 281
2 140
1 136 205
2 186
1 24 262
2 234
1 53 140
2 224
2 58
1 53 68
1 32 134
2 63
1 28 262
1 22 76
2 217
1 5 144
2 135
2 27
2 99
2 157
2 110
2 79
2 158
1 223 276
1 233 239
2 119
1 95 161
1 44 96
1 111 232
1 133 204
1 7 179
2 49
2 266
1 8 276
1 151 214
2 263
1 44 165
1 10 59
1 21 213
2 75
2 142
2 148
1 199 244
2 195
2 8
2 60
1 113 218
2 263
1 8 158
1 28 252
2 272
1 214 251
1 91 266
2 188
2 147
1 100 225
1 20 104
1 199 258
2 246
2 125
2 261
1 240 245
2 114
1 69 205
1 137 250
2 268
2 244
2 281
1 23 239
1 6 81
2 251
2 161
1 187 238
2 21
1 200 222
1 14 221
2 13
2 84
2 49
2 86
2 225
2 14
1 18 108
2 173
2 132
1 25 269
2 221
1 68 179
1 19 207
1 135 186
1 25 116
1 192 245
2 87
1 57 101
2 14
1 50 189
1 80 91
1 209 256
1 84 212
2 128
1 33 192
2 218
1 122 126
1 154 205
2 230
1 56 268
1 57 214
1 200 233
2 266
2 22
2 187
2 239
1 26 102
2 25
1 79 208
2 228
1 33 132
1 8 95
1 105 158
2 200
1 92 120
1 14 203
1 138 268
2 265
1 233 248
2 177
1 202 210
1 9 231
2 64
1 128 245
2 23
2 80
1 4 141
2 159
2 252
1 21 64
2 133
1 56 249
2 99
1 100 244
2 42
2 263
1 123 192
1 93 163
2 249
2 34
1 127 245
1 134 206
1 44 71
1 159 267
1 53 144
1 4 154
1 42 234
1 1 89
2 166
1 119 242
1 15 51
1 7 150
1 129 256
1 71 269
1 210 222
2 4
1 236 273
2 105
2 177
2 11
1 20 251
2 238
1 4 66
2 104
1 147 231
1 12 214
1 180 210
1 1 82
1 205 212
1 32 233
2 250
2 185
2 276
2 115
2 29
1 14 221
1 214 252
1 64 144
1 13 150
2 190
1 89 150
2 46
1 18 117
1 258 263
1 164 262
2 53
2 100
1 81 114
1 231 252
1 155 167
1 189 216
2 25
2 169
1 189 226
2 260
1 239 250
1 5 197
1 58 261
1 56 120
1 221 230
2 234
1 141 170
1 135 156
2 114
1 26 225
1 34 145
2 165
1 173 197
1 74 183
2 40
2 221
1 23 238
1 28 140
1 101 257
1 95 148
1 50 204
1 207 279
1 129 172
2 84
1 91 152
1 218 248
2 102
2 135
1 121 215
2 186
2 5
2 39
2 231
1 53 140
1 171 224
1 208 255
2 141
1 134 159
1 40 262
2 34
2 150
2 152
2 86
1 51 114
1 66 106
1 1 86
2 174
1 200 279
2 62
2 234
2 85
2 34
2 232
1 61 199
2 220
2 60
1 89 182
2 37
2 171
1 102 226
2 101
2 235
2 281
1 48 98
1 136 239
1 79 98
1 67 92
1 18 187
2 205
1 118 187
2 236
1 112 174
1 109 164
1 124 205
1 146 180
2 272
2 247
2 273
1 135 229
2 26
2 181
1 105 249
1 158 174
2 237
2 167
2 133
1 36 140
2 207
2 195
1 44 224
2 68
2 81
1 23 41
2 220
2 260
1 181 192
1 165 282
2 283
1 39 280
2 111
2 171
1 192 261
1 222 227
2 8
2 70
2 222
2 210
1 137 185
2 127
1 33 102
1 213 282
2 164
1 45 148
1 190 192
2 28
1 63 157
2 87
1 27 102
2 74
2 100
2 14
1 117 162
1 68 105
1 8 177
1 54 276
1 7 63
2 87
1 3 41
2 106
2 31
2 214
2 13
2 109
2 272
1 13 89
2 102
2 140
2 166
2 115
1 83 84
1 128 178
2 6
2 271
1 169 191
1 36 106
1 134 225
1 240 268
2 227
1 36 75
2 176
2 122
1 67 225
1 62 180
2 71
1 13 184
1 24 199
2 63
2 109
1 41 43
2 144
1 130 255
2 170
1 164 272
1 31 267
1 12 131
1 2 139
1 75 274
1 264 277
1 22 36
1 7 90
2 22
2 38
1 156 255
1 63 96
1 79 125
2 112
1 101 126
2 229
1 2 77
2 239
1 33 47
2 228
2 88
2 187
1 246 251
1 10 87
2 52
1 188 241
2 193
1 25 206
2 41
2 147
2 21
1 2 27
2 209
1 119 262
1 31 187
2 276
2 189
1 79 142
2 33
2 120
2 260
2 194
2 46
2 174
1 32 269
2 161
1 13 97
2 176
2 32
2 264
1 47 70
1 27 175
1 9 157
2 28
1 107 263
2 22
2 22
2 59
1 247 259
2 161
2 72
2 198
2 50
1 32 216
1 70 234
2 179
1 210 268
1 25 247
2 57
2 38
2 124
1 22 250
2 166
2 221
2 179
1 44 80
1 24 163
2 253
2 214
1 17 168
2 91
2 112
1 200 249
1 74 145
1 50 194
2 116
1 122 139
2 277
2 242
1 130 210
2 36
2 207
1 107 130
1 201 209
1 60 98
2 40
2 76
2 195
2 251
2 20
1 136 193
2 216
1 160 182
2 165
1 197 201
1 47 185
1 54 216
1 8 216
2 179
2 15
1 21 25
1 129 205
1 195 243
1 91 213
2 95
1 133 173
1 23 82
2 108
1 222 253
1 135 205
2 180
1 193 204
2 208
1 6 128
1 84 198
1 25 51
2 63
1 29 181
2 219
2 111
1 114 204
1 69 137
2 108
1 67 98
2 123
2 250
1 44 120
1 97 105
1 90 159
1 137 165
1 39 253
2 195
1 93 133
2 93
2 94
1 1 258
1 40 114
2 79
1 55 140
1 46 58
1 164 173
1 22 246
1 165 209
1 57 247
2 123
1 106 169
2 163
2 177
2 187
2 280
1 5 251
1 25 119
2 181
2 189
2 228
2 56
1 37 243
2 81
1 83 141
1 2 152
1 207 253
2 26
1 14 270
1 72 278
2 41
2 265
1 103 142
2 77
1 88 230
2 235
2 55
2 201
2 133
2 236
1 107 240
1 5 194
2 105
2 118
