134 2516
1 104 122
1 37 117
1 48 106
1 63 98
1 69 82
1 98 107
1 77 119
2 61
2 3
2 107
2 123
2 99
1 43 63
1 36 133
1 3 94
1 76 78
2 35
2 31
2 125
2 91
2 76
2 65
2 6
1 105 126
1 54 107
2 6
2 74
1 103 111
2 110
2 124
2 66
1 4 62
2 25
1 89 99
2 127
1 103 111
2 49
2 126
1 36 86
1 36 67
2 80
1 50 113
1 87 133
2 86
1 45 124
1 91 97
1 60 90
2 22
1 8 103
2 96
1 89 104
1 30 72
2 67
2 73
2 31
1 70 87
2 73
1 43 126
2 50
1 29 49
2 96
1 17 28
2 48
2 37
1 13 76
2 32
1 37 68
2 21
1 10 68
2 89
1 42 60
2 3
2 49
1 40 96
2 49
2 16
1 21 132
2 104
2 98
1 32 112
1 39 115
1 7 82
1 64 91
1 77 121
2 87
2 44
1 63 82
1 39 111
2 77
1 53 60
1 16 29
2 81
2 107
1 31 117
2 102
2 29
1 41 42
1 23 110
2 3
2 69
1 32 68
2 107
1 72 103
2 132
1 82 102
1 37 93
1 55 103
1 66 112
1 83 113
2 74
2 45
2 107
1 30 120
1 36 95
2 15
1 4 96
2 21
1 3 101
1 88 88
1 13 112
1 32 97
1 15 34
2 99
1 104 114
2 1
2 126
1 2 116
2 70
1 16 99
2 45
2 122
2 124
2 97
1 53 98
2 96
1 96 108
1 75 84
1 104 129
2 24
1 83 130
1 4 52
1 24 114
2 71
2 26
2 37
1 84 117
2 24
1 47 126
1 53 126
1 61 81
2 115
1 27 43
2 90
2 129
2 30
2 31
2 37
1 37 96
2 111
1 22 133
2 83
1 54 104
1 31 45
2 71
2 2
2 75
2 55
2 115
1 1 7
1 63 93
1 79 122
1 70 90
2 69
1 65 132
2 31
1 35 82
1 15 22
2 104
2 51
2 56
1 22 57
1 26 68
1 93 98
1 13 48
2 36
1 49 82
1 11 47
1 87 88
2 132
1 3 5
1 57 80
1 12 49
2 49
1 80 105
2 103
2 33
1 33 39
2 29
1 9 22
1 73 98
2 60
2 101
1 8 21
1 31 48
2 43
2 8
2 47
2 114
2 9
2 48
2 125
1 26 57
2 127
2 45
1 7 59
2 15
1 89 133
2 133
1 6 46
1 24 36
1 61 102
1 9 10
1 8 100
2 72
1 30 130
2 81
2 58
1 25 47
2 119
1 77 131
1 5 38
2 93
2 58
2 50
2 7
2 21
2 130
2 27
2 62
1 45 132
2 31
2 65
2 86
1 18 40
1 75 93
1 58 62
2 131
2 32
2 29
1 70 73
2 26
2 122
2 72
1 115 120
1 44 117
1 9 60
1 18 129
1 21 116
1 40 86
2 123
2 56
2 13
2 96
1 90 94
2 47
1 40 58
2 66
2 121
2 134
1 66 106
1 3 79
1 60 121
2 133
1 91 107
2 36
1 63 106
1 52 93
2 17
2 96
2 103
1 28 29
2 64
1 2 23
1 14 59
2 59
2 114
2 119
2 23
1 33 40
2 30
1 10 77
1 13 52
1 24 121
1 1 86
2 96
2 21
2 40
1 79 118
2 49
1 30 95
1 26 125
2 100
1 38 59
2 6
2 43
1 48 101
2 56
1 28 77
2 55
1 43 47
2 42
2 94
2 131
2 13
1 26 126
2 102
2 21
1 117 131
2 74
1 103 127
1 65 69
2 83
1 53 101
2 49
1 45 76
2 2
1 59 124
2 54
1 53 73
2 76
1 76 120
1 7 31
2 79
2 71
1 54 100
1 40 131
2 39
1 80 116
2 122
1 29 72
2 41
1 66 111
2 112
1 27 31
1 26 119
1 62 112
1 75 89
1 75 119
2 95
2 91
2 50
2 65
2 54
2 37
1 15 60
2 72
1 25 120
1 90 125
1 79 119
1 68 83
1 15 58
2 1
1 104 133
2 3
2 92
2 19
1 55 72
2 32
2 85
2 12
2 104
2 1
2 117
1 36 77
1 71 101
1 76 115
2 125
1 87 105
1 45 88
1 113 134
1 23 93
1 23 94
1 22 107
1 111 127
1 80 89
1 68 79
2 58
1 50 109
1 27 99
2 91
1 43 128
1 30 78
1 29 69
2 84
2 28
2 88
1 77 77
1 48 56
1 25 55
1 25 130
2 69
1 52 75
1 86 106
1 104 115
2 77
2 34
1 30 119
2 99
2 36
2 23
2 52
2 48
2 125
1 66 75
2 53
1 116 130
2 46
2 38
1 25 90
1 23 98
1 15 21
2 89
1 43 59
1 51 107
2 27
2 117
2 101
2 6
1 17 111
2 74
2 29
1 6 128
2 63
1 17 51
1 56 114
2 71
1 5 127
2 38
1 58 80
2 27
1 48 82
2 69
1 59 130
2 34
1 23 30
1 35 49
1 34 112
1 48 84
1 62 122
1 63 108
1 15 103
2 50
1 39 117
2 90
1 13 56
2 2
1 29 123
1 43 108
2 33
2 125
2 102
1 6 25
1 13 59
1 30 94
1 40 119
2 130
1 71 88
1 6 36
1 33 98
2 55
1 65 71
1 57 72
2 20
2 60
2 123
2 65
1 69 125
1 50 83
1 27 119
2 3
1 113 113
1 22 40
2 27
1 14 134
1 39 99
2 72
2 94
1 4 73
1 18 45
1 16 70
1 53 64
2 1
1 6 103
1 21 75
1 56 92
2 19
1 26 127
1 2 122
2 4
2 110
1 38 52
1 74 130
1 93 133
2 34
1 46 82
2 69
1 63 123
1 56 116
2 11
2 69
2 116
2 71
1 60 134
2 57
1 46 72
2 41
1 121 133
1 48 97
2 50
2 84
1 2 94
2 76
1 22 32
1 73 99
2 118
2 77
1 2 96
1 54 73
2 80
1 29 63
1 21 79
2 12
2 25
1 112 114
1 57 101
1 2 13
1 20 87
1 68 78
1 18 77
1 44 53
1 57 97
1 33 69
1 94 124
2 64
1 2 51
2 28
2 126
1 7 25
1 32 100
2 54
1 35 72
2 88
2 10
2 77
2 11
2 109
2 55
1 22 65
2 32
2 13
2 29
2 17
1 13 127
2 4
2 66
2 104
1 51 127
1 42 63
1 52 126
1 37 55
1 68 80
1 103 123
2 129
2 133
1 5 49
2 100
1 55 132
1 14 17
2 40
1 62 118
1 27 90
1 14 116
2 69
1 52 117
1 2 87
1 88 127
2 120
2 20
1 69 121
1 39 100
1 68 104
1 71 119
1 42 79
2 133
1 2 100
2 131
1 37 70
1 94 101
2 119
2 55
1 101 133
2 100
2 55
2 27
2 59
1 38 130
1 44 101
2 59
2 116
2 56
2 106
1 94 95
2 45
2 27
1 85 118
1 20 56
2 81
1 118 119
2 42
1 6 68
2 9
2 57
2 116
2 63
1 56 131
2 36
2 36
2 104
1 26 32
1 78 96
2 90
2 124
1 80 118
1 36 118
2 64
1 23 127
1 17 104
1 82 99
2 110
1 45 106
2 113
2 42
1 46 120
1 41 45
1 37 108
1 79 81
2 77
1 4 39
2 9
1 13 123
2 26
1 31 31
1 7 73
2 83
2 18
2 47
1 11 113
2 96
2 50
2 126
1 52 60
2 22
2 49
1 21 106
2 24
2 65
1 21 36
1 55 95
1 90 130
2 93
2 22
2 69
2 44
2 53
2 97
1 22 122
2 37
2 37
1 35 92
2 112
2 22
2 118
2 77
1 60 62
1 101 119
2 36
2 78
2 4
2 28
1 42 78
2 127
1 68 110
1 23 106
2 77
2 65
1 29 33
1 85 115
2 16
1 20 125
1 24 62
1 75 129
1 8 126
1 44 114
2 51
2 122
1 46 87
1 52 86
1 9 23
1 63 71
2 38
1 39 129
2 72
2 114
1 69 94
2 117
1 36 88
2 74
1 36 112
1 85 103
1 9 89
2 112
1 7 38
1 24 31
1 8 64
2 129
2 102
1 40 79
1 19 40
1 59 71
1 73 117
2 8
2 101
2 24
1 15 125
1 34 66
2 95
2 58
2 82
2 45
2 49
1 3 131
2 77
2 33
2 124
1 80 97
2 131
2 9
1 59 117
1 60 77
2 107
2 58
2 115
2 22
1 85 123
2 100
2 124
2 70
2 27
2 12
1 29 68
2 94
1 72 97
1 18 33
2 77
2 50
2 131
2 76
2 32
1 43 73
1 63 89
2 81
2 57
2 51
2 61
1 1 28
1 2 46
1 11 38
1 31 116
1 23 64
1 3 85
1 40 105
2 77
2 121
1 3 49
2 10
2 44
2 45
1 115 121
1 27 107
2 121
1 35 133
2 75
1 59 118
2 123
2 87
1 14 71
1 49 80
2 73
2 96
1 33 81
2 74
2 91
1 95 96
2 72
2 48
1 30 105
2 24
2 45
1 29 37
2 79
2 79
1 45 129
1 107 112
2 128
1 45 45
2 121
2 112
2 5
2 28
2 117
2 69
2 44
2 20
1 4 52
2 133
1 44 45
2 104
2 55
2 83
2 56
1 33 70
2 79
2 57
2 23
2 100
1 9 39
2 59
2 70
2 32
1 86 98
2 18
1 31 117
1 89 125
2 17
1 37 88
1 68 87
1 21 22
2 131
2 97
2 12
1 38 126
2 24
1 85 107
1 56 67
2 104
2 23
2 28
1 53 61
1 15 104
2 79
2 104
1 23 65
1 43 64
1 44 106
2 94
2 64
1 81 111
1 66 115
1 45 87
2 45
2 74
2 42
1 58 124
2 63
2 119
1 31 129
2 76
1 119 121
2 37
1 31 74
2 118
2 50
1 47 63
2 117
2 24
2 33
1 58 94
2 107
2 70
2 17
1 8 116
1 117 133
2 127
2 105
2 25
1 4 89
1 49 103
1 23 121
1 4 55
2 122
2 76
1 24 28
1 97 129
1 101 119
2 27
1 58 102
2 134
1 26 134
1 39 117
2 41
2 63
1 113 126
2 103
2 3
2 75
1 64 73
1 53 97
2 43
1 72 100
1 30 121
1 35 61
2 20
1 7 41
1 101 109
1 105 106
1 58 79
1 18 21
1 90 92
2 37
2 36
1 27 116
2 65
2 104
2 42
2 91
2 76
1 102 109
1 74 132
1 56 73
2 132
1 65 104
1 14 106
1 39 79
2 5
2 11
1 28 70
2 120
1 100 128
2 107
1 52 112
2 18
2 87
2 35
1 85 96
2 15
2 119
1 13 13
2 134
2 28
2 89
2 67
1 4 83
1 7 22
1 37 52
2 6
1 40 127
1 35 132
1 83 91
1 119 128
2 98
1 92 109
1 63 65
1 43 77
2 76
2 117
1 67 124
1 20 100
1 23 102
2 94
1 97 122
2 68
2 105
1 61 80
2 72
2 34
1 28 90
1 31 50
1 34 126
2 77
2 91
1 42 123
1 44 79
1 32 86
1 42 92
2 121
2 25
1 4 79
2 48
2 128
2 96
1 86 91
2 68
1 3 51
1 10 43
2 85
1 7 105
2 78
2 102
2 74
1 54 123
2 61
1 16 35
1 11 86
1 13 31
2 121
1 17 90
2 9
1 3 104
2 5
2 63
1 18 68
2 117
1 91 94
2 81
1 38 88
2 45
2 112
1 35 66
1 53 121
2 6
1 37 125
1 96 113
2 30
2 24
1 18 46
1 2 29
2 98
1 26 104
2 126
1 14 54
2 100
2 61
1 14 27
2 99
1 58 119
2 68
1 49 102
1 8 46
1 38 105
1 62 101
1 69 109
2 95
1 75 105
2 15
1 43 52
2 93
1 53 69
2 30
2 35
2 21
2 49
1 38 78
2 76
2 101
2 90
1 1 63
1 23 80
1 117 133
1 79 114
1 20 43
2 98
1 34 66
2 52
1 31 130
1 46 64
2 38
2 43
1 78 126
1 3 39
2 17
1 7 7
1 76 128
1 89 102
1 34 70
1 44 111
2 69
1 40 48
2 95
2 3
1 54 105
1 10 38
2 29
1 30 42
1 16 33
2 4
2 35
2 128
2 116
1 21 57
2 11
2 24
1 31 59
2 4
2 121
1 31 126
1 103 123
2 45
1 12 130
2 117
2 129
2 40
2 127
2 96
2 101
1 120 121
1 88 129
2 89
1 9 82
1 38 111
2 115
1 14 35
2 24
1 93 115
2 89
1 72 109
2 37
1 8 114
2 7
1 101 105
1 63 110
1 35 123
1 5 68
2 51
1 68 91
2 63
2 115
2 65
1 79 109
1 48 100
2 14
2 117
2 6
1 30 98
1 34 61
1 30 50
2 86
1 30 35
1 66 134
1 23 34
2 52
2 79
2 56
2 113
2 46
1 11 20
2 131
1 21 125
1 1 21
2 69
2 33
2 99
1 54 97
1 9 32
2 90
2 101
1 60 120
2 47
2 105
2 86
1 23 110
1 13 129
1 84 116
2 19
1 36 121
2 134
2 65
2 7
2 78
2 44
1 37 70
2 123
1 102 109
1 14 93
2 81
2 110
1 61 99
2 111
1 99 104
2 5
2 19
2 56
2 57
2 33
1 3 50
2 119
2 43
2 131
1 109 118
2 69
1 25 43
1 61 95
2 86
1 36 85
1 23 128
2 109
2 47
1 26 99
1 95 124
1 102 103
1 35 110
1 44 116
1 73 90
2 17
1 11 120
2 46
2 39
1 16 54
1 75 97
2 53
1 66 107
1 73 125
1 79 128
2 130
1 84 123
2 133
1 12 19
1 24 40
1 18 33
1 86 121
2 38
1 58 116
1 36 86
2 117
1 5 50
2 5
1 82 112
2 113
1 19 57
2 105
1 126 134
1 39 77
1 47 62
2 126
1 74 86
2 90
1 2 117
1 63 99
2 73
2 37
1 26 72
1 90 90
2 85
1 58 94
1 47 114
2 131
2 93
1 7 50
2 5
1 2 78
2 126
1 27 125
1 49 114
1 49 55
2 72
2 130
2 121
1 108 125
1 50 116
2 78
2 96
2 116
2 96
2 34
2 36
1 42 124
2 54
2 27
2 65
2 27
1 93 134
2 94
1 49 54
1 7 102
2 87
2 127
1 37 112
2 53
2 115
1 71 104
1 17 26
1 26 104
2 94
2 94
2 99
2 94
1 2 51
1 73 76
1 52 56
1 89 107
2 1
1 31 83
2 130
2 35
1 9 11
1 89 93
1 39 49
1 17 74
2 133
2 128
2 94
1 60 66
1 15 87
1 21 38
2 24
1 49 99
1 33 83
1 9 40
1 13 17
1 112 124
2 104
2 96
2 7
1 98 111
1 60 90
1 44 110
2 123
2 94
2 129
2 111
1 41 81
1 76 107
1 21 132
1 47 78
2 37
1 79 90
2 7
1 58 113
1 20 89
2 85
2 109
2 118
1 115 126
2 57
1 33 60
2 117
1 4 9
1 35 44
2 117
2 77
2 28
2 10
2 106
2 23
1 99 122
1 108 114
1 74 126
2 128
1 1 114
1 25 35
2 48
2 96
2 88
2 6
2 50
1 75 102
2 9
1 32 55
2 45
1 23 96
2 85
2 13
2 126
1 54 95
2 73
1 6 52
2 19
1 76 85
1 15 53
1 102 127
2 10
2 60
1 33 102
2 28
1 26 130
1 12 80
2 50
2 120
2 47
2 79
1 11 17
2 4
1 33 64
2 17
1 44 132
2 132
2 100
2 30
2 15
1 5 7
2 62
2 82
1 30 54
1 36 61
2 72
2 43
1 17 76
2 44
2 30
1 24 78
2 16
2 35
2 108
2 86
2 118
1 47 119
1 64 123
1 61 110
1 5 45
2 23
2 126
1 40 98
1 57 65
2 131
1 13 28
2 60
2 7
1 75 79
2 12
2 26
2 130
1 24 56
1 43 60
1 11 125
2 101
1 71 91
1 13 105
2 35
1 111 121
2 113
2 83
1 24 114
2 78
1 43 126
1 4 120
2 38
1 74 133
1 13 76
1 24 36
1 26 118
1 19 72
2 123
2 85
2 50
2 5
1 78 121
2 52
1 4 95
1 88 93
2 31
2 90
2 117
2 33
1 31 33
2 120
1 45 66
2 108
2 121
2 20
2 10
1 56 59
2 74
2 120
2 116
2 60
2 85
2 32
2 65
2 51
2 124
1 6 10
2 67
1 38 105
1 96 114
1 32 65
1 2 41
2 81
2 46
1 35 43
2 66
2 11
2 90
2 68
1 1 48
1 4 116
1 32 124
2 1
2 57
2 96
1 20 86
1 6 68
1 6 54
1 30 126
2 92
1 32 36
1 15 134
1 108 113
1 1 49
2 75
2 75
1 89 125
2 90
2 108
2 21
1 40 102
2 73
2 72
1 64 122
1 128 131
2 75
2 69
1 1 24
1 12 21
2 121
1 29 72
2 91
1 9 59
2 121
2 24
2 100
2 107
2 60
1 65 134
2 50
1 37 133
2 4
1 16 27
1 18 103
2 45
1 57 80
1 74 108
2 49
1 73 108
2 2
1 45 114
2 53
2 119
2 72
1 10 35
1 82 118
1 110 112
2 85
1 30 37
1 23 103
1 97 109
2 108
2 21
2 63
1 10 117
2 129
2 5
1 55 75
2 50
2 79
2 78
2 86
2 82
2 27
1 117 134
2 125
1 74 130
2 94
1 52 114
1 64 74
2 133
2 109
2 78
1 22 111
1 37 92
2 88
1 79 128
1 83 102
2 42
2 103
1 62 128
2 130
2 76
1 51 65
1 16 106
2 35
1 28 33
1 4 87
2 60
2 34
1 51 61
1 19 83
2 76
2 99
1 23 64
1 29 96
2 5
1 124 131
1 84 97
1 3 79
2 120
1 9 42
2 29
1 4 115
2 100
2 22
2 64
2 68
2 69
2 42
1 37 52
1 96 110
2 96
1 3 19
1 6 102
1 13 102
2 101
1 13 54
2 40
1 12 93
2 89
2 45
1 9 134
2 70
2 131
2 47
1 13 94
2 127
1 37 131
2 86
1 30 30
2 105
2 2
2 38
1 14 104
2 8
1 28 124
2 104
1 47 95
2 42
2 74
1 8 71
2 38
2 43
1 13 73
2 134
2 123
2 95
1 62 89
2 20
1 62 87
2 10
2 53
1 81 87
1 53 100
1 20 86
1 11 132
2 84
2 4
2 85
2 117
2 63
2 78
1 60 90
2 91
1 15 63
2 27
1 119 128
1 70 94
1 65 83
2 116
1 52 83
1 32 87
2 8
2 87
2 84
1 30 77
1 29 81
2 48
1 18 48
2 52
1 78 117
1 42 80
2 49
1 12 65
1 27 129
2 44
2 54
1 77 107
2 90
1 87 124
1 31 111
2 102
1 45 78
2 89
1 22 70
1 17 108
1 43 76
1 43 50
1 24 134
2 86
2 24
1 5 38
1 82 119
1 36 59
2 85
2 72
1 23 126
2 120
2 98
1 114 128
1 48 55
2 29
1 47 56
2 1
1 33 91
2 94
1 44 58
1 14 94
1 107 129
1 14 65
1 31 68
2 40
1 79 127
2 5
1 118 120
1 59 96
2 113
2 97
2 26
1 25 110
2 106
1 23 89
1 16 24
2 27
2 80
1 55 127
1 17 50
1 92 100
2 3
1 10 126
2 9
1 2 99
1 81 82
2 5
2 37
2 31
1 3 85
1 2 113
2 19
1 32 118
1 36 38
1 95 103
2 80
2 6
2 109
2 117
2 69
1 16 104
2 108
1 28 100
2 127
2 129
2 56
1 64 95
1 72 82
2 104
1 103 103
1 34 121
1 4 122
1 10 82
1 21 99
2 33
2 124
1 61 73
2 111
2 134
1 95 120
2 26
2 74
1 108 128
2 12
2 17
2 2
1 42 127
2 46
1 9 99
2 5
2 72
2 82
2 134
1 63 99
1 61 129
1 4 117
1 97 132
2 22
2 128
2 7
2 65
1 81 99
2 75
2 86
1 8 27
2 126
2 117
1 6 62
2 129
1 39 128
1 58 90
1 29 81
1 85 104
2 87
2 48
1 121 125
2 45
2 84
1 119 131
1 108 132
1 44 129
2 52
2 58
1 16 101
2 84
2 76
2 7
1 28 61
1 20 25
1 19 38
1 52 57
2 66
1 38 53
1 8 50
1 83 133
2 19
1 50 95
2 129
1 16 17
2 103
2 104
1 83 93
1 44 92
1 29 38
2 121
2 55
1 23 49
1 64 112
1 95 121
1 21 53
1 28 101
1 65 90
1 42 111
2 108
1 114 133
2 2
1 24 85
2 30
2 129
2 13
2 14
2 76
1 45 61
2 22
2 62
1 120 120
1 45 120
2 76
2 88
1 91 125
1 19 34
1 59 83
1 69 80
2 45
2 34
1 3 99
2 53
2 17
1 15 67
2 65
2 69
1 98 107
1 91 113
1 10 80
1 70 102
1 39 101
1 15 66
2 103
2 32
2 5
1 28 133
1 39 44
1 37 106
2 114
2 23
1 102 102
2 93
1 78 83
1 28 98
1 34 82
1 3 61
2 70
1 34 71
1 22 51
1 41 57
1 109 129
2 46
2 13
2 30
2 34
1 96 107
1 4 77
1 55 117
2 83
1 9 48
2 16
1 4 53
2 85
1 24 84
1 42 118
2 98
2 88
2 132
1 8 59
1 22 44
2 65
1 23 101
2 58
1 56 91
1 46 119
2 16
2 107
1 105 118
2 68
1 77 104
2 67
1 20 95
2 59
1 26 122
2 72
2 41
1 19 49
2 99
2 100
2 119
1 48 97
1 50 115
2 43
1 52 60
1 14 32
1 3 26
2 45
1 112 129
2 92
2 60
1 85 118
2 91
2 33
1 78 126
2 29
1 102 112
1 40 44
1 39 82
2 19
2 130
2 83
2 25
2 26
2 107
2 65
1 5 102
1 24 46
1 13 64
1 17 44
1 60 114
2 112
1 59 129
2 129
1 38 47
2 68
2 80
1 67 113
2 61
1 19 38
2 75
2 134
1 17 89
1 37 113
2 2
2 98
2 61
1 62 99
2 104
1 13 92
2 112
2 116
1 26 38
2 82
2 122
1 51 106
2 77
2 36
1 17 78
1 55 134
2 116
2 78
1 64 134
2 48
1 57 132
1 74 90
2 92
1 2 127
2 46
2 54
2 71
2 111
1 9 44
1 25 105
2 44
2 93
2 11
2 68
1 76 120
2 106
1 45 52
2 96
2 116
1 68 76
1 35 95
2 94
1 109 133
1 56 80
1 43 54
2 91
1 40 79
1 54 131
2 79
2 81
1 90 117
2 11
2 7
2 97
2 89
1 107 127
2 88
2 40
2 34
2 100
2 128
2 9
1 36 61
1 34 116
1 25 36
1 51 60
1 17 105
1 18 40
2 94
1 1 35
1 57 68
1 49 123
1 6 68
2 83
2 4
2 114
2 69
1 37 120
1 115 128
2 110
1 49 108
2 60
2 16
2 11
1 89 117
2 90
2 34
2 32
2 6
2 63
1 3 39
1 53 119
1 117 128
1 27 66
1 61 115
1 45 124
1 39 114
2 128
2 62
2 109
1 112 117
2 19
2 80
1 11 35
2 116
1 45 115
1 45 46
2 102
2 45
2 130
2 104
1 25 87
2 124
1 3 127
1 91 94
2 51
2 115
2 132
1 68 91
1 9 126
1 1 102
2 113
2 124
1 24 109
2 109
2 42
1 47 107
1 73 129
1 53 128
1 46 125
2 81
2 122
1 58 80
2 2
2 40
1 69 129
2 107
1 8 59
2 49
2 81
1 44 50
1 28 131
2 67
2 30
1 3 96
1 23 28
2 48
2 130
1 77 87
2 115
2 107
1 8 134
1 16 96
2 47
1 12 99
1 27 111
1 8 55
1 70 82
2 115
1 112 124
2 68
2 88
1 7 62
1 41 83
2 50
2 47
2 119
1 38 70
2 104
1 42 123
2 107
1 7 86
1 18 23
1 21 123
1 51 65
2 52
2 58
1 7 23
2 37
1 17 31
1 47 56
2 52
2 3
2 54
1 105 110
1 26 125
1 34 56
1 40 74
1 16 120
2 6
2 124
2 99
1 46 91
2 130
2 65
2 132
1 54 59
1 86 111
1 49 134
1 87 133
1 14 35
2 22
1 90 114
2 101
2 127
1 37 41
1 12 89
1 31 62
2 40
1 17 36
2 61
1 43 70
1 107 111
2 38
2 98
2 129
2 77
2 64
1 16 68
2 32
1 86 100
2 42
2 71
2 87
1 16 80
2 105
2 94
1 3 120
1 53 89
1 24 53
2 59
1 21 134
1 6 130
1 40 44
2 20
1 44 108
2 15
2 2
1 53 116
2 8
2 12
2 106
1 12 113
2 7
2 89
1 29 129
1 42 69
2 51
2 97
2 110
1 10 129
2 80
2 128
1 50 120
2 22
2 44
2 36
2 31
2 98
1 8 89
2 3
1 89 124
1 38 62
1 6 21
2 124
1 125 126
2 40
1 8 21
2 63
1 120 127
1 105 118
2 133
1 116 129
2 40
2 119
1 66 67
1 53 73
2 58
1 31 65
1 31 72
1 48 75
2 131
2 46
2 76
1 67 98
2 51
2 56
1 15 74
1 35 61
2 89
2 8
2 10
2 31
2 1
2 129
1 71 90
1 18 22
2 13
2 79
2 131
1 18 26
2 63
1 37 64
1 8 34
2 99
1 45 60
2 49
2 127
2 120
2 31
1 42 128
2 33
1 56 101
1 52 118
2 123
2 1
2 12
2 28
1 79 132
1 30 77
2 100
1 65 121
1 65 70
1 17 58
1 41 113
1 37 74
2 57
1 20 105
2 40
2 116
1 26 113
1 49 110
2 124
1 56 108
2 16
1 32 99
2 11
2 97
1 59 115
2 75
2 76
2 110
2 132
1 15 127
1 38 116
2 101
1 70 123
1 24 61
1 62 73
1 30 68
2 37
2 67
1 105 129
2 130
1 51 75
2 9
1 2 114
2 26
2 4
1 38 88
2 112
2 26
2 15
1 4 21
1 37 97
1 23 95
2 81
1 118 122
2 75
1 19 85
1 10 94
2 48
1 23 79
2 85
1 17 85
1 32 129
1 41 63
2 85
2 22
2 111
1 45 133
2 82
1 70 72
2 28
1 78 117
1 48 127
1 76 114
1 23 32
1 122 129
2 49
1 101 106
2 123
1 38 88
1 98 123
1 7 123
1 22 108
1 41 112
1 30 35
1 26 121
2 50
2 69
1 114 116
2 24
1 5 16
1 6 116
1 89 90
1 90 130
1 100 103
2 29
2 93
2 108
1 50 64
1 5 35
2 61
1 8 55
2 113
1 14 101
2 109
2 113
1 79 117
2 122
1 42 116
2 16
1 69 78
2 58
1 30 70
1 35 117
1 86 124
1 67 78
2 118
1 46 104
2 123
2 76
2 114
1 5 16
1 57 65
2 123
2 32
2 1
1 24 52
1 80 121
1 35 77
2 70
1 20 48
2 118
1 4 22
2 83
1 20 40
1 47 79
2 68
2 129
1 13 134
1 64 77
1 23 113
2 65
1 13 94
2 110
2 132
1 6 109
2 65
2 55
1 60 87
2 132
2 120
2 19
2 1
1 132 134
1 69 105
1 68 77
2 98
1 8 27
1 76 91
2 9
2 95
2 75
1 9 54
2 36
2 18
1 66 110
2 119
1 69 104
1 65 85
2 16
1 31 42
2 113
2 96
1 9 53
1 7 77
1 1 114
2 50
2 78
2 59
1 109 118
2 92
2 129
2 43
1 11 38
2 105
2 96
1 45 96
1 46 102
2 22
2 4
1 36 97
2 51
1 46 61
1 60 117
1 46 112
2 29
2 109
2 25
1 8 20
1 102 128
2 4
2 9
1 20 20
2 18
1 25 73
1 34 132
1 28 74
2 5
2 17
1 7 84
1 45 97
2 12
2 59
1 2 74
