147 3851
1 18 121
1 35 80
1 65 134
2 25
2 113
1 1 145
1 49 54
1 9 121
2 90
1 7 37
1 6 85
2 2
1 24 71
1 62 128
2 103
1 33 43
2 100
1 46 107
2 137
2 105
1 23 28
2 11
1 3 36
2 20
2 37
2 141
1 1 101
2 43
2 11
2 81
2 86
1 9 126
2 23
1 60 83
1 5 91
2 147
2 129
1 34 39
1 47 48
1 76 145
2 24
1 31 111
1 48 84
2 52
1 46 118
2 13
2 89
1 13 52
1 67 94
2 13
2 94
2 19
2 83
2 26
2 63
1 92 141
2 101
2 104
2 28
2 109
2 129
1 7 40
2 5
1 59 132
1 29 76
1 90 138
1 7 119
1 137 146
2 7
1 46 97
2 9
2 95
1 10 12
1 42 86
1 13 39
1 17 42
1 23 120
2 134
2 41
2 116
2 21
2 70
1 39 119
1 6 80
1 38 145
2 117
2 125
1 93 97
2 77
1 79 117
1 20 130
1 18 137
2 30
2 10
2 54
2 5
1 33 106
2 19
1 106 118
2 75
1 84 131
2 23
2 32
2 93
2 139
2 9
1 7 134
2 81
2 98
1 98 118
2 134
2 10
1 4 5
1 28 115
1 107 115
1 19 105
2 9
2 1
2 101
1 55 70
1 30 96
2 91
2 132
2 23
1 16 57
2 18
2 20
1 41 43
2 77
1 15 23
1 56 97
2 93
1 15 68
1 94 133
1 88 147
2 122
2 77
1 9 120
2 34
2 5
1 103 122
1 44 65
2 134
2 46
2 25
1 22 86
2 57
2 139
2 40
1 13 109
2 9
2 135
2 94
2 115
1 122 142
2 110
1 80 117
2 85
1 74 117
2 66
2 125
2 56
1 65 145
2 83
1 88 141
2 124
1 24 103
2 131
2 7
2 24
2 19
1 7 81
1 81 130
2 74
1 71 95
1 135 141
1 33 119
2 65
1 64 118
2 2
2 64
1 34 85
2 70
1 117 141
1 9 139
2 111
1 16 100
2 118
2 136
2 14
1 43 141
2 144
2 50
2 130
2 19
1 55 84
2 145
1 71 88
2 11
1 84 121
1 78 132
2 127
2 79
1 123 128
1 29 66
1 105 124
1 79 138
1 112 114
1 12 72
1 8 55
2 79
1 140 146
1 118 120
1 6 8
2 108
2 66
2 126
2 142
2 64
1 89 138
1 27 134
2 3
2 126
2 137
2 79
2 45
2 121
2 126
2 62
1 4 18
2 93
2 147
1 13 77
2 119
1 97 139
1 127 134
2 61
2 21
2 136
1 10 39
2 12
1 14 86
2 5
2 133
1 55 67
1 138 141
2 135
2 28
2 82
2 82
2 127
2 19
2 33
1 44 89
2 141
2 12
2 80
1 6 28
1 83 110
1 70 127
2 99
1 20 120
1 88 123
1 53 57
2 77
1 18 126
2 99
1 27 87
2 107
2 13
2 15
1 36 82
1 84 125
2 100
1 91 115
1 84 141
2 8
2 135
1 99 125
1 47 72
2 113
1 28 48
2 12
1 112 119
1 23 79
2 56
2 136
2 38
2 109
2 106
2 27
1 59 63
2 49
2 56
1 53 114
2 86
2 36
2 41
2 92
2 48
2 20
2 119
2 70
2 27
1 17 64
2 31
1 41 78
1 40 84
1 46 134
2 103
2 106
1 88 95
1 57 107
2 146
1 121 125
2 2
1 39 102
1 32 63
2 4
1 16 114
1 64 135
2 79
2 3
1 14 29
1 59 74
1 31 38
1 8 84
2 115
1 2 23
1 84 96
2 5
1 28 133
2 69
1 5 121
2 103
2 128
2 121
1 51 65
1 48 91
1 36 58
2 82
1 68 84
2 139
1 27 116
2 147
1 60 69
1 28 136
1 47 62
2 71
1 22 121
1 38 46
1 90 144
2 134
2 133
1 100 145
1 24 41
2 119
1 4 28
1 11 108
2 39
1 102 130
2 112
1 38 140
2 82
1 74 94
1 73 105
2 103
1 15 76
2 37
2 75
1 1 116
2 140
1 24 118
2 22
1 59 125
2 105
2 62
1 109 110
2 82
1 41 72
1 52 122
1 48 108
2 14
2 70
1 48 80
1 76 134
1 108 128
2 136
2 53
2 15
2 33
2 99
2 35
1 31 132
2 53
2 53
2 1
2 21
2 86
1 74 126
2 104
2 81
2 105
1 34 120
2 103
1 46 143
2 89
1 2 85
1 105 128
2 47
1 100 112
2 100
2 69
2 104
2 133
2 94
1 65 86
2 123
1 4 95
1 128 144
1 69 132
1 36 48
1 39 119
2 124
1 45 77
1 24 33
2 144
1 46 69
2 53
1 38 67
1 87 112
1 53 76
2 97
1 39 62
2 38
1 15 43
1 60 93
1 2 85
2 43
1 71 139
2 38
2 84
1 6 101
2 108
1 36 127
2 70
2 71
1 59 69
2 9
1 25 141
1 26 145
1 43 109
1 90 110
1 21 143
2 26
2 20
1 26 61
1 9 106
1 20 99
2 68
2 108
2 99
1 52 75
2 59
1 23 79
2 79
2 2
1 42 66
1 81 114
2 33
1 25 93
2 13
2 45
1 11 56
1 46 132
1 40 77
1 41 77
2 41
2 41
1 35 106
1 123 134
2 62
1 27 70
2 144
1 19 107
2 24
1 37 87
2 135
1 33 78
2 84
2 23
1 6 147
2 63
2 23
2 20
1 14 36
2 48
2 28
2 109
2 51
2 92
2 31
1 84 105
1 85 131
1 21 117
1 27 94
2 103
2 46
1 10 41
1 43 142
2 27
2 63
2 85
1 29 81
2 34
2 111
2 70
1 62 83
1 100 137
1 27 138
1 83 112
1 101 137
2 136
2 122
1 93 139
2 94
1 54 142
2 58
1 97 121
2 59
1 71 75
1 79 142
2 70
2 131
2 64
2 118
1 76 117
2 97
2 78
1 100 146
2 5
2 110
2 98
2 16
2 60
1 38 73
2 51
2 108
2 34
2 80
1 11 56
2 52
1 14 147
2 37
2 125
1 124 127
2 81
1 69 79
1 50 100
2 128
1 8 138
1 82 130
1 43 119
1 86 146
1 20 34
1 53 58
2 59
1 47 72
2 96
2 122
1 31 86
2 4
1 59 85
2 76
2 54
2 108
1 55 69
1 64 84
2 141
2 48
2 109
1 28 125
2 131
1 14 109
1 31 79
1 74 106
2 67
1 65 105
1 35 131
2 55
2 120
2 140
1 77 106
2 45
2 77
2 57
1 10 145
1 123 138
1 18 60
2 140
2 61
1 100 111
2 88
1 17 116
1 49 49
1 14 136
1 28 111
2 116
2 27
2 49
1 18 111
1 43 64
1 14 70
1 31 63
2 62
1 24 139
2 45
2 98
2 129
2 58
1 33 39
1 36 122
1 4 134
1 33 122
2 106
2 138
1 17 94
1 32 86
1 19 96
2 81
2 120
2 110
1 79 112
1 17 105
2 140
1 64 81
1 6 85
2 14
2 115
2 33
2 26
1 13 110
2 49
2 138
2 74
2 107
1 91 127
2 133
2 10
2 63
1 66 118
2 54
2 21
1 80 91
2 4
2 70
2 138
1 32 121
1 58 96
1 126 133
2 123
1 11 17
2 71
1 46 109
1 19 133
2 92
2 55
1 43 131
2 92
2 61
1 19 54
1 57 96
1 49 147
2 112
2 42
2 42
1 70 103
1 76 78
2 143
2 113
2 63
1 78 132
1 16 39
2 26
2 71
2 119
1 3 78
2 67
1 36 50
2 28
2 1
1 8 122
1 96 142
1 25 75
2 105
2 103
1 26 52
2 126
2 59
1 76 128
1 52 96
2 5
1 35 79
1 5 101
1 100 102
2 75
1 14 78
1 38 75
2 126
1 39 74
1 61 98
2 76
2 85
2 105
2 49
2 138
1 2 145
2 99
1 48 88
2 128
2 5
1 91 97
1 21 77
1 70 114
2 47
1 38 84
1 97 128
2 89
1 12 111
1 25 71
2 130
2 91
1 22 80
2 75
2 58
2 77
1 22 54
1 4 102
1 91 125
1 38 47
1 37 38
1 62 125
1 75 78
2 7
2 57
2 60
2 103
1 6 87
1 112 136
1 35 65
1 56 123
2 59
1 55 74
2 142
2 23
1 5 16
1 71 114
1 11 23
2 137
2 101
2 112
2 58
1 71 106
2 117
1 22 50
2 126
1 29 66
1 12 138
1 46 132
1 19 87
2 66
1 3 23
1 98 142
1 36 66
1 96 138
2 117
1 10 25
1 82 128
1 60 142
1 127 137
2 43
2 55
1 29 48
1 2 28
1 32 36
1 31 82
1 78 136
1 42 79
1 26 141
1 50 109
2 49
1 39 94
2 23
1 19 106
1 5 33
1 130 135
1 7 94
1 21 79
1 113 130
2 45
2 34
1 12 56
2 94
2 12
2 9
2 19
1 34 147
1 46 109
1 45 127
2 89
2 74
2 17
2 119
2 3
2 122
1 10 21
2 8
2 75
1 119 125
1 95 138
2 51
1 100 117
2 34
1 20 62
2 101
2 125
2 105
2 33
2 84
2 16
2 46
2 144
2 42
2 18
1 4 98
1 9 13
2 108
1 86 105
1 96 140
1 85 145
1 34 71
1 33 91
2 9
1 60 110
1 12 130
1 122 129
1 50 89
2 70
1 66 114
1 74 124
2 67
2 105
1 16 132
1 112 137
1 9 125
1 42 122
1 19 68
2 95
2 87
2 60
1 17 45
2 133
1 19 39
1 101 115
1 9 26
2 132
2 117
2 49
2 91
2 130
1 35 89
2 127
1 47 126
2 104
1 37 89
2 86
1 101 136
2 59
1 5 39
1 75 81
1 44 127
2 141
1 13 118
2 79
1 92 112
2 136
1 52 82
1 62 117
1 31 105
2 147
2 49
2 18
1 91 95
2 41
1 94 115
2 111
1 3 136
2 106
1 15 79
1 42 46
2 127
1 45 59
1 27 145
1 50 145
2 5
2 111
2 119
1 85 115
1 13 91
1 45 49
1 23 106
1 128 145
1 55 135
2 133
1 88 107
2 88
1 55 95
1 63 137
1 4 147
1 68 86
2 50
2 59
1 125 140
1 94 105
2 73
2 80
2 115
2 45
1 61 129
2 99
2 22
1 1 33
1 74 104
2 110
1 67 116
2 108
2 102
1 32 132
2 126
2 118
1 21 95
2 11
2 2
1 86 139
2 122
1 98 107
2 105
1 76 125
2 114
1 15 146
2 124
2 17
2 116
1 70 125
2 42
1 107 115
2 105
2 142
1 14 49
1 55 57
2 76
1 14 87
1 35 96
2 12
2 101
2 69
1 61 100
1 98 123
1 32 129
1 108 109
1 1 57
2 39
2 136
2 83
2 50
1 16 56
2 89
2 106
2 32
1 60 93
1 18 85
2 88
2 54
2 8
1 92 98
1 92 125
2 49
1 56 73
1 60 105
1 61 76
2 125
1 4 85
1 119 146
1 45 100
1 96 98
1 7 28
2 55
2 36
1 117 143
1 29 116
1 48 91
1 1 124
1 59 130
2 133
1 62 122
1 19 115
1 31 60
1 87 88
1 37 131
1 103 111
1 101 135
2 7
1 30 48
2 10
1 88 111
2 67
1 51 76
1 76 135
1 24 70
2 43
1 23 78
2 136
1 73 90
2 9
1 13 116
1 13 139
1 113 113
2 96
1 6 98
2 88
1 31 105
1 11 97
1 51 58
1 29 131
1 16 73
2 16
1 46 71
1 9 138
2 127
1 97 100
2 89
2 108
1 25 88
2 13
2 65
1 2 26
2 25
2 95
1 86 125
2 4
1 54 66
1 69 113
2 39
1 72 87
1 5 105
2 28
2 94
1 66 72
2 58
1 14 140
2 13
1 8 125
2 85
1 138 142
2 58
2 3
1 104 118
2 106
1 60 101
2 57
1 20 58
1 138 144
2 63
2 100
2 120
2 32
2 100
1 65 82
2 81
1 111 114
1 41 138
1 13 80
2 146
2 52
2 69
1 36 93
1 11 109
2 23
2 142
2 81
2 55
2 43
2 100
2 93
1 2 132
1 86 101
1 22 65
1 81 103
2 85
1 54 101
1 77 83
2 124
1 72 89
1 41 121
1 4 8
2 41
1 128 134
2 22
2 128
1 133 141
2 6
2 114
2 95
1 53 110
2 98
2 36
2 121
1 8 50
2 56
2 65
1 75 100
1 8 41
2 125
2 139
2 75
1 1 79
2 93
2 13
2 29
1 49 63
1 129 129
1 43 91
1 87 95
2 6
1 113 121
2 130
1 38 88
1 9 103
2 2
1 17 124
2 80
2 107
2 31
2 71
2 109
1 51 116
1 44 65
1 43 146
2 91
2 120
2 75
2 37
1 2 51
2 16
2 32
1 5 33
1 64 138
1 81 129
1 35 104
1 4 107
2 46
1 37 82
2 69
1 71 101
1 36 143
2 55
2 55
1 51 93
2 83
1 94 142
1 25 38
2 127
2 116
1 51 78
2 106
1 22 93
2 144
2 11
2 139
2 76
1 71 107
2 52
1 36 134
1 42 48
2 141
1 18 78
2 24
1 7 15
2 25
1 25 146
1 49 77
1 75 129
2 13
1 26 49
1 131 134
2 5
1 96 124
2 49
2 109
2 83
2 9
1 37 124
2 5
1 98 140
2 71
2 83
1 40 46
2 126
2 134
1 12 91
2 43
1 13 69
1 11 74
2 84
1 40 86
1 84 88
1 5 65
1 1 28
2 10
1 33 73
2 48
2 21
1 23 73
2 85
2 96
1 46 71
2 36
2 119
1 76 84
1 23 67
1 28 111
1 55 98
1 110 115
2 68
1 11 114
2 34
1 54 81
1 14 24
1 31 33
1 18 70
2 142
2 2
2 137
2 37
2 118
1 6 33
1 19 20
2 3
1 34 36
2 44
2 139
1 8 100
2 92
2 56
1 74 105
1 44 111
2 116
2 40
1 58 110
1 37 113
2 45
1 54 65
2 126
1 22 102
2 145
1 62 147
2 4
1 14 139
2 119
2 144
1 74 101
2 110
1 6 80
2 101
1 15 128
2 27
2 132
2 102
2 56
1 65 117
1 53 76
2 125
2 79
2 31
2 3
1 39 99
1 88 121
2 11
1 47 69
2 74
2 45
1 79 122
2 48
1 52 100
2 132
1 22 86
2 137
1 21 85
2 136
1 70 142
2 99
1 43 81
1 54 133
1 60 139
1 32 107
2 122
2 129
2 34
2 144
1 44 89
2 77
1 41 50
2 78
1 16 76
2 2
2 60
1 73 76
1 77 143
2 138
1 134 136
1 26 28
1 25 130
1 66 144
2 121
2 46
2 87
2 15
2 71
2 21
2 53
2 43
1 7 105
2 66
1 120 123
2 104
1 115 142
1 88 102
2 58
2 62
1 97 118
2 33
2 58
1 45 50
2 29
1 53 130
1 50 66
2 102
1 21 34
1 34 142
2 62
1 59 89
2 26
2 69
1 100 125
2 16
2 115
1 100 142
1 97 130
1 40 141
1 17 48
2 101
2 127
1 63 138
1 122 145
1 26 58
2 134
1 97 140
2 97
2 126
2 59
2 66
2 123
1 13 48
1 125 144
1 40 94
2 90
1 4 119
1 108 146
2 145
1 72 132
2 137
2 48
1 55 60
2 125
2 129
2 24
1 13 111
2 139
1 56 110
1 2 33
2 88
2 114
1 20 41
1 63 79
2 143
1 37 70
2 83
2 42
2 30
1 43 83
2 78
1 38 141
1 36 86
1 103 106
1 30 88
1 53 87
2 24
2 99
2 105
2 131
1 98 102
2 108
1 49 132
2 136
1 65 76
2 137
2 65
1 48 81
2 144
1 4 107
2 91
1 47 143
2 11
1 3 80
1 80 85
2 88
1 16 112
1 34 133
2 84
2 16
1 43 73
2 54
2 16
2 132
1 97 115
2 61
1 9 93
1 87 101
1 37 146
2 74
1 35 75
1 20 68
2 72
1 68 93
1 20 41
1 67 129
2 135
1 124 131
2 42
2 56
2 125
2 127
1 17 62
1 85 100
2 57
2 41
2 80
2 7
1 89 97
2 62
2 125
1 69 79
1 12 52
2 112
1 25 140
1 24 95
1 88 102
2 20
2 33
2 50
1 9 128
2 8
1 121 138
2 137
1 56 67
2 42
2 40
1 78 130
1 110 119
2 95
2 100
2 22
2 11
1 60 90
1 51 81
2 8
1 27 74
1 59 77
1 3 142
1 19 25
1 2 123
2 74
1 3 89
1 55 117
1 74 88
1 48 55
2 131
2 18
1 11 122
1 85 112
2 129
1 112 122
1 78 129
1 12 68
2 23
2 7
1 10 22
2 54
1 45 147
1 64 109
1 15 76
1 26 87
2 115
1 10 57
1 14 70
1 52 127
2 118
1 53 87
1 91 147
1 95 120
1 64 110
1 123 140
2 143
1 23 44
1 83 90
1 96 102
1 51 88
1 18 85
2 87
1 77 104
1 57 94
2 42
1 29 100
2 79
2 65
1 107 127
1 46 84
2 131
2 11
1 18 79
1 22 85
2 22
2 36
1 94 128
2 113
1 4 59
2 94
2 17
2 33
2 109
2 104
1 8 126
1 56 94
2 61
1 27 107
1 52 60
1 16 107
2 30
2 123
1 3 135
1 77 120
1 37 146
2 28
2 125
1 37 42
1 56 85
1 44 125
2 93
2 118
2 1
1 9 83
2 124
2 59
1 10 142
2 73
1 35 58
2 97
1 12 111
2 122
2 81
2 146
1 42 51
1 21 142
1 33 96
2 34
2 25
1 53 111
1 61 127
2 88
2 67
1 50 138
1 59 97
2 46
2 113
2 89
2 128
2 11
1 122 145
1 13 50
1 8 24
2 69
1 52 112
2 65
2 8
2 98
2 70
2 37
2 117
1 18 120
2 8
1 52 82
2 91
1 9 52
1 60 109
1 103 129
2 43
1 85 104
2 118
1 90 119
1 104 138
1 3 60
2 84
1 45 64
2 44
1 99 114
2 58
2 29
1 72 89
2 106
2 21
2 26
1 104 110
2 50
2 91
1 35 76
1 69 143
2 137
2 33
1 44 77
1 11 96
1 58 133
2 40
1 76 131
1 111 139
1 143 145
2 13
2 99
2 118
1 13 105
2 103
2 38
1 15 36
2 37
2 139
2 61
1 101 101
1 52 133
2 107
2 87
2 57
1 41 81
1 1 51
1 38 78
1 16 19
2 86
2 127
2 95
2 133
1 21 67
2 52
2 65
1 52 73
1 110 131
2 107
2 100
1 103 130
1 47 120
2 134
2 37
2 19
1 59 90
2 33
1 69 72
2 47
1 106 117
1 11 30
1 46 116
2 76
2 135
1 89 100
1 8 138
1 73 107
1 121 125
2 22
1 42 80
1 7 23
2 104
1 8 113
1 51 63
1 59 133
2 107
2 26
1 43 107
2 70
2 77
2 65
2 101
1 52 131
1 4 90
1 34 138
2 100
2 95
2 135
2 131
1 12 32
2 130
1 12 130
2 83
1 46 134
2 126
1 71 124
2 81
1 48 116
2 31
1 22 59
2 38
1 46 52
1 21 72
1 77 107
2 91
1 81 111
2 25
1 24 77
2 97
2 119
2 144
2 96
1 25 146
1 107 147
2 129
2 8
1 34 44
2 108
2 68
2 16
1 83 117
1 26 27
2 30
1 26 105
2 80
1 44 92
2 123
2 102
1 52 72
2 120
2 5
2 22
1 55 104
1 119 134
1 10 71
2 147
2 147
2 74
2 80
2 93
2 35
1 14 32
1 98 114
1 33 76
1 52 116
1 17 121
2 59
1 6 32
1 23 49
2 94
1 35 83
1 17 122
2 138
2 30
1 105 110
2 41
1 81 127
2 83
1 27 62
1 79 108
1 30 112
1 122 128
2 106
1 44 98
1 18 136
2 120
2 42
2 104
1 35 99
1 29 62
2 8
1 21 91
2 130
2 57
2 93
1 74 101
1 17 112
1 62 134
1 28 101
1 30 39
2 146
2 66
1 79 97
1 96 119
2 82
1 26 33
2 35
1 33 88
2 129
1 8 108
2 69
2 89
1 57 90
2 118
2 11
1 18 120
2 92
2 68
2 129
2 8
1 39 79
1 2 146
2 108
2 99
1 1 133
1 31 56
1 15 32
1 87 113
1 131 133
2 81
1 14 127
2 103
1 19 138
2 97
1 3 118
1 72 133
1 90 131
1 25 104
2 94
2 130
1 44 97
1 85 120
2 95
1 72 142
1 22 86
2 90
2 52
2 2
2 61
1 63 118
2 118
2 27
1 62 73
1 19 97
2 64
2 68
2 113
2 119
2 111
1 77 95
1 119 125
1 60 74
2 63
2 142
2 28
2 52
1 25 88
1 106 146
2 50
1 63 98
2 5
1 15 86
1 100 145
1 19 79
2 130
1 52 134
1 63 91
2 65
2 77
1 42 80
1 89 138
1 9 56
2 109
1 97 147
2 139
1 53 57
1 95 97
2 48
2 84
1 42 58
2 7
1 9 123
2 124
1 40 85
2 13
2 28
1 2 107
2 20
1 104 114
1 34 103
2 25
1 63 105
1 92 93
2 137
1 98 123
2 135
2 23
2 28
2 35
1 3 16
2 116
2 49
2 48
1 81 84
2 91
1 53 127
1 40 52
1 7 7
1 27 50
1 104 127
2 142
1 58 141
1 25 44
2 131
1 24 92
2 5
2 98
1 16 96
1 31 38
2 146
1 100 144
1 4 47
2 6
1 135 136
1 66 126
2 13
2 7
1 32 142
2 63
2 8
1 140 145
1 70 115
1 48 92
2 81
1 15 70
1 9 81
1 57 90
2 42
1 69 87
1 73 98
1 52 144
1 42 95
1 20 114
1 87 119
1 98 127
1 58 134
2 139
2 115
1 81 82
1 51 59
2 113
2 83
2 145
1 13 14
2 21
1 15 69
1 72 92
1 102 130
2 125
2 50
2 72
1 85 94
1 74 79
2 138
2 40
1 3 28
1 37 86
2 29
2 77
2 55
2 7
2 49
1 96 104
1 8 132
1 83 121
1 106 133
2 42
2 6
1 11 112
2 19
2 50
1 43 93
1 55 68
2 52
2 116
1 79 117
1 30 76
1 57 142
1 53 100
1 26 108
2 71
1 7 24
1 9 43
2 70
1 20 68
1 83 109
1 70 104
2 11
1 61 134
2 140
2 116
2 114
2 18
1 50 136
2 81
2 60
1 88 111
1 24 132
1 92 102
1 16 86
1 95 108
2 36
1 40 93
2 104
1 1 38
1 119 142
2 34
2 70
2 28
1 31 34
2 86
1 37 114
1 7 13
2 44
2 55
2 91
2 36
1 6 48
1 87 104
2 9
1 58 136
1 62 133
2 133
1 44 100
1 98 134
1 70 118
2 121
1 23 110
1 107 132
1 62 119
1 3 30
2 91
1 27 53
1 5 21
2 146
1 67 105
1 65 69
2 41
2 26
2 40
2 55
2 114
2 61
1 29 114
1 84 106
2 4
2 98
1 36 92
1 77 130
1 1 84
2 133
1 46 142
2 59
1 136 140
2 100
1 64 92
1 5 84
1 38 46
1 8 99
2 144
2 109
1 28 118
1 38 126
2 129
2 109
1 25 135
1 42 76
2 143
1 76 129
1 100 146
2 28
1 15 83
2 109
1 56 112
1 24 127
2 114
1 12 85
2 65
1 99 128
2 58
1 89 106
1 50 143
2 5
2 76
2 103
1 33 110
1 80 95
2 122
1 86 133
1 39 115
2 70
1 17 38
1 23 112
2 37
2 37
1 55 79
2 142
1 47 93
1 41 47
2 9
1 19 79
1 1 138
2 5
1 23 36
2 18
1 27 59
2 20
1 14 62
1 70 108
2 8
2 9
1 19 55
1 94 111
1 20 24
2 49
2 46
1 29 87
2 16
1 107 120
2 108
2 93
2 101
2 66
2 139
1 51 98
2 79
1 37 112
2 77
2 111
2 44
1 91 92
1 11 114
1 53 84
2 21
2 18
2 37
2 23
1 61 124
2 89
2 18
2 95
1 46 78
2 97
2 85
2 143
1 56 99
1 39 78
1 20 71
1 46 134
1 35 117
2 51
2 84
1 51 109
2 119
1 14 17
2 70
1 80 126
1 59 144
2 84
1 47 53
2 121
1 108 139
1 44 115
1 27 35
2 139
1 69 128
2 77
2 33
2 117
1 63 133
1 74 114
1 33 129
2 28
1 63 129
2 54
2 73
2 145
2 117
1 80 115
1 69 141
2 106
1 86 114
1 44 56
2 97
2 77
2 82
2 126
1 23 123
2 93
1 14 35
1 22 92
1 72 112
1 49 68
1 8 117
1 22 99
1 81 103
1 17 62
2 93
1 36 82
1 92 113
1 49 104
1 33 46
2 10
1 1 8
1 102 116
1 51 71
2 95
1 109 111
1 59 71
2 9
2 58
1 29 68
2 14
1 75 128
1 21 127
1 69 111
2 128
2 118
1 80 106
1 39 75
2 1
1 135 144
2 134
2 133
2 11
2 146
2 125
2 3
2 55
1 41 56
1 62 108
1 58 110
2 119
2 111
1 7 121
2 99
2 22
1 42 117
1 39 76
1 78 119
2 122
1 24 42
1 4 135
1 33 86
2 92
2 35
1 2 118
2 38
1 57 96
1 91 111
2 51
2 86
1 94 105
1 62 96
1 128 129
1 1 145
1 4 90
1 28 93
1 58 119
1 111 143
1 17 110
2 75
2 131
1 73 117
2 121
2 107
2 71
1 92 145
1 64 98
1 49 60
2 57
1 22 129
2 143
1 111 116
2 115
1 13 46
2 119
1 105 126
2 120
1 81 131
1 28 129
2 6
1 10 40
1 108 117
1 5 81
2 50
2 33
2 119
1 89 134
1 1 18
2 35
1 104 109
1 132 138
2 100
2 2
1 59 93
1 10 136
1 76 105
2 55
1 59 75
2 12
2 50
1 1 127
1 6 42
1 50 124
1 83 137
1 114 124
1 97 108
1 44 89
2 126
1 37 53
1 22 31
1 115 147
2 15
2 22
1 112 116
2 115
2 119
2 36
2 105
2 140
1 74 136
2 70
1 8 61
1 53 70
2 94
1 106 129
1 5 8
2 46
2 2
1 83 115
2 8
2 83
1 53 122
2 138
1 5 73
1 1 129
2 89
2 93
2 139
2 121
1 24 73
1 67 142
1 31 69
1 3 147
1 84 89
1 63 140
2 54
1 9 131
1 43 80
2 56
2 20
2 144
1 76 124
1 73 101
2 41
1 13 52
2 26
2 116
2 90
1 37 144
2 72
1 27 134
1 36 65
1 132 146
1 3 138
1 37 121
2 45
1 106 113
1 44 104
1 34 120
1 67 135
1 102 140
2 135
1 29 72
1 47 80
2 5
1 45 73
2 20
1 100 122
1 43 64
1 76 130
2 60
2 125
2 83
1 95 147
1 2 41
1 26 87
1 31 48
1 82 89
2 7
2 140
2 3
2 136
1 4 77
2 133
2 117
1 80 131
2 51
1 114 147
1 127 129
2 84
1 134 138
2 70
2 142
2 65
2 27
1 61 129
1 77 85
2 22
2 57
1 63 132
1 43 104
1 94 137
1 21 64
1 79 127
1 111 131
2 115
1 129 143
2 101
2 142
1 37 64
1 16 21
1 20 143
2 71
2 61
2 81
2 103
2 124
2 13
2 136
2 27
1 111 113
2 63
1 8 79
1 106 123
2 130
1 3 68
1 67 89
2 98
2 104
2 46
1 33 94
2 87
2 143
2 118
1 116 147
2 17
2 17
2 118
1 26 146
2 48
1 79 129
2 68
2 28
2 31
2 83
1 108 137
1 124 139
2 45
2 118
2 82
2 141
1 87 146
1 7 8
2 106
1 17 33
1 30 95
1 34 57
2 62
1 80 107
2 90
2 44
2 100
2 4
2 75
2 136
1 32 67
2 34
2 80
2 121
2 76
2 30
1 35 80
2 69
2 139
2 111
1 5 38
2 52
2 126
2 6
1 136 145
2 36
1 52 69
2 106
2 96
2 70
1 79 121
2 127
2 74
2 122
2 25
2 7
2 34
1 55 136
1 76 113
1 25 124
1 60 132
1 111 141
1 5 9
1 50 54
2 85
1 35 77
1 40 99
1 1 51
2 110
2 9
2 75
2 105
1 18 99
1 16 125
1 69 137
1 33 85
1 38 42
2 71
2 96
2 48
1 5 106
1 60 86
2 26
1 39 43
2 106
1 54 103
2 39
2 137
1 46 137
2 126
1 46 61
1 115 135
2 86
1 25 128
2 115
1 30 104
1 36 85
2 43
2 124
1 22 44
2 16
1 55 135
2 62
1 17 124
1 18 120
2 43
1 41 108
1 3 28
1 27 93
1 73 101
2 66
2 68
1 18 112
2 98
2 122
1 66 70
2 93
2 6
2 86
1 31 128
1 58 97
1 53 133
1 50 107
1 31 46
1 21 124
2 24
1 45 46
2 90
1 4 111
2 139
1 3 59
1 23 85
2 70
1 43 62
1 42 102
1 39 77
1 89 110
1 36 50
1 100 132
2 22
2 133
2 56
1 6 44
1 48 55
2 89
1 35 109
2 77
1 39 128
1 86 106
1 88 109
1 16 136
2 36
2 7
1 83 97
2 118
1 96 109
2 100
2 47
2 121
1 88 96
1 6 11
1 91 141
1 88 99
1 32 71
2 16
2 128
1 19 116
1 63 91
1 123 124
2 19
2 6
2 50
1 43 53
1 14 142
2 34
1 20 28
1 86 101
2 100
2 137
1 3 14
1 29 62
1 41 128
1 9 42
1 4 130
1 8 24
2 14
2 6
1 17 71
2 118
2 138
1 31 87
1 14 41
1 65 108
2 81
1 52 96
2 98
1 75 97
2 120
1 78 118
2 145
2 81
1 2 75
1 73 137
1 16 51
1 75 119
2 5
1 33 45
2 62
1 31 70
2 3
2 96
2 143
1 74 96
1 20 102
2 75
2 74
1 116 133
2 110
2 53
2 67
1 84 101
1 2 86
1 58 86
2 34
2 80
1 60 98
2 52
2 72
2 34
1 70 126
2 100
1 112 113
1 15 62
2 72
1 71 82
2 79
1 21 52
2 120
2 25
2 59
1 13 139
2 82
2 103
1 37 82
2 4
1 122 134
2 6
2 110
1 95 125
2 66
1 24 95
2 130
1 71 95
2 72
2 86
1 37 118
2 69
2 109
1 27 74
1 54 109
2 11
2 33
1 39 139
1 126 131
2 46
1 32 129
1 83 97
1 29 50
2 26
2 59
2 22
1 129 138
1 10 80
2 81
1 39 59
1 62 114
1 28 83
1 42 145
1 43 131
2 89
1 120 122
2 90
2 101
2 99
1 8 104
2 100
1 66 87
1 6 42
2 12
2 119
1 35 106
2 139
2 123
1 41 44
2 100
2 2
1 64 124
1 34 139
1 83 103
1 36 36
1 50 140
2 125
1 89 126
2 124
1 69 109
1 13 17
1 81 115
2 76
1 103 141
2 10
2 105
1 73 78
2 126
1 68 84
1 73 117
2 122
1 14 113
1 50 81
2 129
2 136
2 99
1 46 137
2 26
1 89 143
2 74
2 47
2 135
1 68 82
1 45 99
1 44 122
2 12
2 39
2 27
2 111
1 95 136
2 137
2 125
2 71
2 107
2 85
1 38 97
2 16
1 59 91
1 36 139
1 4 74
2 128
1 17 34
2 139
1 40 110
1 107 120
1 137 144
2 127
2 57
2 15
1 27 67
1 19 86
1 5 65
2 121
1 33 115
2 103
2 120
2 15
1 10 13
1 64 107
2 82
2 118
2 54
1 81 121
1 51 126
2 82
2 4
1 94 96
2 109
1 95 140
1 20 111
2 112
2 65
1 45 79
1 82 143
2 26
1 75 114
2 54
2 146
1 81 112
2 9
1 24 92
2 26
1 8 90
1 101 131
1 102 138
1 75 87
1 48 106
1 141 142
2 75
2 130
1 26 45
2 63
1 84 115
2 119
2 91
1 29 138
2 25
1 25 92
1 24 57
1 2 113
2 8
1 30 104
2 140
1 82 132
1 76 116
1 9 24
1 135 136
2 82
2 78
1 51 67
1 21 49
2 123
2 28
1 35 133
1 2 69
2 27
1 99 104
2 137
1 52 58
2 13
1 4 45
2 73
1 7 88
2 56
2 30
1 71 100
1 41 54
1 33 48
2 57
2 54
1 65 92
2 68
2 4
2 110
1 78 108
2 110
1 36 131
2 125
2 109
1 2 128
2 17
1 72 146
1 100 105
1 11 17
2 127
2 39
2 93
1 26 32
1 77 95
1 29 136
1 82 109
2 12
2 24
2 82
1 11 104
2 94
1 24 141
1 3 26
1 49 80
1 85 123
1 58 96
1 96 136
1 2 49
2 10
1 2 10
2 73
2 74
2 131
1 40 50
2 110
1 22 67
2 71
2 129
1 18 93
2 86
1 11 95
2 147
1 32 49
1 1 141
2 17
2 140
1 56 143
2 43
1 18 97
2 39
1 33 91
1 17 113
1 126 127
1 25 115
1 65 93
1 73 88
1 67 134
2 141
2 145
2 86
1 35 119
1 34 100
1 103 123
2 18
2 16
2 138
2 92
1 137 141
2 133
1 91 147
2 103
2 65
2 49
1 34 110
1 84 142
2 94
2 77
1 32 74
1 54 128
2 37
2 65
2 35
1 38 79
1 43 115
1 5 99
1 21 127
1 7 115
1 105 110
2 36
1 107 138
1 41 120
1 21 34
2 65
2 96
2 106
1 81 119
1 81 141
1 53 57
2 1
2 19
1 95 147
2 135
2 125
2 89
1 27 119
2 38
1 41 102
2 103
1 95 133
2 52
2 53
1 44 127
2 56
1 41 113
1 108 130
2 90
2 95
2 118
2 143
1 14 65
2 47
2 1
1 79 107
1 47 118
1 75 76
1 91 106
2 50
2 109
2 110
2 16
1 107 129
2 60
2 73
2 147
1 13 92
1 50 109
1 54 141
2 133
2 137
2 6
1 7 110
2 75
1 45 86
2 145
1 70 115
1 55 118
2 65
1 41 123
2 41
1 37 64
1 130 133
1 23 105
2 100
1 89 92
1 44 113
1 4 23
1 24 58
2 111
2 40
2 36
1 93 96
2 63
2 49
2 4
1 26 95
1 13 43
1 98 119
2 81
1 4 90
1 89 105
1 9 92
1 6 60
1 56 117
2 67
2 53
1 122 143
1 53 100
1 134 145
1 10 132
1 131 132
1 62 105
2 63
2 90
2 54
1 52 58
1 12 19
2 65
1 75 134
1 26 137
1 113 114
1 67 136
1 13 113
2 35
2 133
1 61 92
2 143
2 104
1 14 69
2 64
2 105
1 51 145
1 86 114
2 145
2 126
2 29
1 5 14
1 86 138
2 146
1 73 74
1 32 146
1 11 76
2 144
2 97
2 72
1 47 144
1 68 120
2 129
2 127
1 83 92
2 93
2 111
2 142
1 98 143
2 41
1 71 99
1 92 141
1 124 144
2 86
2 53
2 78
1 53 146
1 53 128
2 133
1 72 101
2 141
2 136
1 67 75
2 77
1 6 48
1 63 113
1 9 98
2 120
1 19 125
1 97 126
2 15
2 25
1 2 18
2 32
1 20 79
1 71 71
2 34
1 49 95
1 28 71
1 111 144
2 14
2 37
2 27
1 30 120
1 7 23
1 99 146
1 88 88
1 110 138
2 123
2 77
2 10
1 44 73
1 43 66
1 76 82
2 94
2 2
2 1
2 125
1 18 124
1 29 114
2 37
2 71
2 66
2 4
2 72
2 137
1 8 19
1 33 44
2 46
2 84
2 127
1 30 102
2 94
1 65 110
2 100
2 49
1 69 128
1 40 121
2 67
1 18 144
2 134
1 29 113
1 25 128
1 80 82
1 77 120
1 9 18
2 129
2 65
1 124 144
1 30 101
1 121 145
1 23 50
2 42
1 49 101
1 44 72
2 54
1 18 56
2 15
1 55 85
2 12
1 78 112
1 13 92
2 109
1 25 87
2 50
1 47 136
1 69 110
1 66 146
1 22 55
2 64
1 43 145
2 24
1 106 138
1 15 68
2 129
1 21 48
2 111
1 31 118
2 133
1 23 76
1 57 125
1 89 102
1 29 80
2 110
1 25 80
2 83
2 142
2 24
2 43
2 118
1 15 61
2 62
1 41 134
2 49
1 93 99
1 55 99
1 34 36
1 44 47
1 14 114
2 95
1 48 146
1 67 144
2 46
2 91
2 112
1 62 78
2 69
1 78 100
1 88 110
1 36 44
1 105 135
1 5 135
1 28 36
2 95
1 82 106
1 46 81
1 10 34
1 29 52
2 7
2 13
2 52
2 91
1 123 145
2 40
2 84
1 19 70
1 40 138
2 102
2 17
1 13 131
2 53
1 1 49
1 24 64
1 72 119
1 13 144
1 54 123
2 98
2 5
2 106
1 7 29
1 69 101
1 81 143
2 21
1 99 116
2 106
2 68
2 100
2 56
1 96 139
2 57
2 140
2 16
1 47 113
2 67
1 17 118
2 33
2 7
2 34
2 36
2 142
1 7 116
1 47 76
2 145
2 5
2 119
2 136
1 12 101
2 68
2 91
1 9 63
2 44
1 40 141
2 109
1 85 136
1 17 139
2 116
2 13
1 13 85
1 22 117
1 27 38
1 45 141
1 125 146
2 1
1 20 60
2 34
1 20 131
1 9 43
2 57
2 18
1 20 146
1 30 61
2 136
2 14
1 9 144
2 94
2 113
2 21
1 52 131
2 71
2 100
1 35 147
1 28 45
1 109 131
1 50 85
2 4
2 62
2 47
1 18 54
2 115
2 56
2 9
1 86 144
2 25
1 29 53
1 26 130
1 72 86
2 58
1 95 100
2 19
2 44
2 63
1 57 107
1 47 59
2 63
1 21 103
2 5
2 112
1 92 118
1 81 144
1 26 130
2 82
2 27
2 146
1 51 133
2 24
2 9
1 80 138
1 93 96
2 38
2 38
1 81 116
1 64 123
1 82 125
1 24 135
2 29
2 1
2 90
1 21 67
1 33 82
1 29 137
1 63 133
2 24
2 80
1 41 42
2 45
1 32 49
1 10 48
1 56 73
1 69 110
2 107
2 66
2 22
1 8 133
2 101
1 32 132
2 78
1 39 42
2 83
1 35 133
1 71 99
1 121 139
1 132 146
1 80 100
2 91
1 4 127
2 120
1 119 141
1 46 127
1 29 136
2 108
2 70
2 137
2 30
2 49
2 63
2 70
1 35 95
2 142
2 59
1 109 132
2 59
2 41
2 135
2 128
2 109
2 76
1 117 142
2 29
1 58 123
2 113
2 43
2 112
2 132
1 54 101
2 10
2 120
1 19 59
1 96 147
2 51
2 39
2 39
1 111 143
2 129
1 88 88
1 97 99
2 2
2 20
1 26 105
1 69 96
2 29
1 63 122
2 72
1 15 34
1 30 40
2 57
2 100
1 25 121
2 143
1 97 139
2 78
1 98 111
2 53
2 126
2 140
2 42
1 51 91
1 57 60
1 8 140
2 39
1 41 122
1 90 90
2 10
1 64 140
2 143
1 32 80
2 124
1 137 147
1 79 109
2 12
1 131 140
1 48 138
1 89 105
2 58
2 81
1 137 141
1 64 101
1 58 79
2 25
2 98
1 6 53
1 2 4
1 33 87
2 16
2 124
2 109
1 20 45
2 97
2 19
2 122
2 97
2 23
1 38 92
2 40
2 101
1 17 61
1 16 104
1 11 109
1 39 67
2 89
2 48
1 34 139
1 36 142
1 20 113
1 45 84
2 55
2 40
1 60 109
1 12 93
2 134
1 64 70
1 15 72
1 10 142
2 100
2 50
2 134
1 58 79
1 74 80
1 108 121
2 78
1 42 136
1 26 122
2 58
2 99
2 128
2 11
1 24 91
2 74
1 55 140
2 143
1 7 59
1 77 107
1 37 57
1 25 89
2 25
1 70 85
1 2 24
2 90
2 133
2 75
1 44 80
2 27
1 62 93
2 82
1 24 117
2 87
1 109 145
2 118
1 45 86
2 145
1 21 107
1 10 103
1 61 122
1 139 144
2 74
2 89
2 61
1 35 45
1 72 87
1 36 72
2 86
2 147
2 45
2 46
1 65 91
1 9 73
1 72 89
1 23 25
2 113
1 23 123
1 74 91
1 10 120
2 65
1 83 114
1 55 71
1 27 62
2 64
1 23 75
1 69 135
2 140
1 42 143
1 1 146
2 121
2 109
2 50
2 34
1 13 51
2 69
1 17 102
1 34 53
1 6 24
1 2 127
1 56 59
2 138
1 12 62
2 35
1 42 45
2 28
2 114
2 94
1 110 140
2 1
2 99
2 15
2 45
2 57
1 31 96
2 6
1 7 69
2 114
1 26 27
2 46
2 53
1 92 128
2 12
2 124
1 66 111
2 127
2 2
2 79
2 89
2 39
1 50 146
1 96 120
1 3 68
2 88
1 35 130
1 54 126
2 125
2 138
1 109 119
2 134
1 109 113
1 7 52
1 35 110
2 1
2 117
1 10 50
2 63
1 60 63
2 14
2 76
2 118
2 127
2 116
2 19
1 104 124
2 130
2 77
1 100 143
1 132 138
2 46
2 114
2 58
1 21 130
2 21
2 146
2 116
1 14 36
1 49 100
1 8 86
2 47
1 113 116
2 118
2 102
1 51 74
2 6
2 142
1 86 126
1 25 75
1 6 45
2 10
2 74
1 39 135
1 17 105
2 31
2 3
2 34
1 83 111
2 8
1 65 121
1 57 103
2 33
1 34 86
2 93
1 70 85
2 5
2 104
2 78
1 53 102
2 135
1 56 70
1 27 59
1 95 139
1 34 78
2 111
2 75
2 89
1 31 134
2 44
2 133
1 96 144
2 58
2 58
1 86 122
2 38
2 94
1 73 145
2 47
2 68
1 48 98
1 49 102
1 21 58
1 5 134
1 69 87
2 54
2 99
2 76
2 2
1 36 98
1 21 55
1 12 145
2 116
1 63 67
2 87
1 11 69
1 79 102
2 32
2 21
1 34 49
2 27
2 95
2 147
1 5 28
2 120
1 28 75
2 20
2 59
1 4 47
1 74 119
1 12 28
2 31
1 126 146
1 75 131
1 116 125
1 80 102
2 40
2 86
1 16 120
2 20
1 73 103
2 89
1 85 107
1 67 135
2 74
1 15 25
2 90
2 100
1 83 117
1 118 133
1 115 140
1 33 54
1 30 63
1 31 147
1 62 83
2 109
2 27
1 26 128
2 23
1 29 34
2 29
1 88 147
1 45 99
2 51
2 70
2 31
2 133
2 98
1 49 141
2 124
1 59 132
2 41
1 31 58
1 63 72
1 128 129
1 74 135
1 19 128
2 103
2 35
1 21 133
2 6
2 106
1 73 76
2 72
2 61
1 6 70
2 19
2 113
1 48 125
2 144
1 10 134
2 32
2 33
2 52
1 19 56
2 127
