2000 3
1 608010 14 0 608010
2 571063 95 0 868847
3 267642 0 0 292924
4 900778 78 0 1980310
5 608031 0 0 1185692
6 974052 58 0 1249548
7 849689 85 0 4522536
8 302234 64 0 1204816
9 24087 104 0 3052911
10 329975 0 105934409 2132661
11 17449 36 74419876 2808429
12 38710 113 0 4145305
13 776986 99 15032161 3229333
14 824030 13 186072531 1870475
15 536262 152 0 5722433
16 405785 0 512553570 6175844
17 328730 11 605660825 8299496
18 67225 118 62686907 8308806
19 867629 43 464212128 7892694
20 564148 60 427196857 8795539
21 885838 10 1045355353 10706907
22 382234 200 12593248 10804995
23 700940 217 9530631 3610988
24 984619 137 355359773 8305833
25 704139 152 225847299 2578642
26 399149 132 534643583 11579899
27 770838 218 143431650 9718212
28 140615 230 109848981 3732614
29 367232 138 338579955 3282717
30 319350 182 406024792 5971132
31 95121 116 961781335 14201437
32 855573 240 199360974 10678423
33 6903 120 1096548048 13340927
34 429021 152 863769987 14527670
35 302126 255 198534591 11299813
36 572676 119 292908621 1577477
37 763467 209 292679398 2394417
38 206820 134 1077754004 6622285
39 897593 188 1049859457 15017921
40 855817 124 2045592457 20268687
41 106579 215 364823224 2143931
42 238800 154 1466940338 8528050
43 593839 287 501778989 13641468
44 681803 229 467388643 3309931
45 764434 210 887840698 4558159
46 189409 311 566614453 11152942
47 671084 254 182739241 991901
48 376724 237 91068476 725138
49 99300 209 1896494335 23146938
50 33764 327 366150889 2950450
51 754202 341 633804978 13604240
52 108463 244 1114975365 5735787
53 840148 251 1797877083 21004144
54 358536 187 2169235641 9015638
55 918851 286 1659231208 12000766
56 90675 193 1924507091 6813185
57 117898 209 1526281381 5769120
58 905502 317 1562585682 28332438
59 793973 373 513541285 3057438
60 98740 324 1701082016 21733130
61 235897 364 1271484237 22521516
62 883984 334 293526421 1167128
63 177572 351 749444318 3728485
64 413102 329 2104197895 25516471
65 756568 273 3251693200 17764371
66 753575 386 1732235179 14224037
67 193771 246 4143011340 20980449
68 613419 413 1159365056 6562762
69 302723 336 2814206912 20946429
70 790757 281 3346564362 11510264
71 17781 320 1316296203 4292532
72 263492 290 4059037260 21146759
73 652930 433 1863032065 30214813
74 411753 298 4331609574 21021567
75 590076 360 3349403033 25862536
76 488988 342 3877516889 35214985
77 601636 390 3201498605 18819386
78 540432 302 5007077614 19058602
79 525417 439 2725229840 25261705
80 350148 364 4246273166 24065462
81 568933 461 450857149 1672841
82 226871 414 3573958784 34009786
83 364016 471 473047818 1988129
84 918902 311 6411739066 25198752
85 506215 444 3684140882 20503917
86 727858 428 4294047584 25732747
87 350206 442 141463816 1056060
88 192890 405 4954829170 20237186
89 443017 374 5957597128 41433804
90 431009 359 2554587097 6132814
91 102248 423 3778153553 11311859
92 455861 443 4816857827 39166317
93 822934 357 7327955981 32841841
94 567808 480 4617227091 27430240
95 751348 410 3061302802 6908084
96 716850 547 3844064493 32073548
97 175791 423 6111237651 18566795
98 846212 575 3695702531 32015771
99 535745 553 4352672033 36322540
100 606818 504 5722014436 45723461
101 612011 473 6803066071 37966980
102 630482 502 5523658352 16243781
103 508384 532 5890387783 41819983
104 910787 537 5104690108 14553364
105 639959 592 4981446481 18734000
106 318196 575 4282204922 12431871
107 537418 615 5074729093 45368888
108 748679 510 717223643 1319219
109 351729 640 5007149256 43283770
110 654935 467 3706113996 6992970
111 902683 496 7106328929 15585793
112 256942 470 3806730170 6931597
113 40571 513 3844775645 7242271
114 359350 590 2375190434 5397937
115 81130 651 4704967068 13951940
116 522085 588 5317495241 13074218
117 702093 659 6223332950 38473518
118 987284 649 4001422092 9508848
119 482012 511 7684214229 15187771
120 176132 689 6296907387 48985122
121 444380 692 6445535762 43454304
122 13902 522 7437487532 14163933
123 527248 654 3196359313 6706426
124 501494 603 633081489 1359110
125 642652 538 12090748200 45374622
126 468081 567 6346354831 11589292
127 103870 571 9361372543 19750447
128 635417 708 4082357689 9180181
129 720106 707 2441883652 5097543
130 907888 630 8723271369 18766683
131 810562 661 10412595186 62643020
132 750064 628 11931653553 32265706
133 858040 705 9657074788 25842788
134 319491 684 3373111589 5981966
135 898240 746 8373978046 20601335
136 326214 620 14041019216 54974297
137 331561 765 8153061748 19756188
138 194170 719 10920548062 42102360
139 288626 787 5960228914 12637431
140 955942 796 7450362754 16996429
141 648790 660 14356125492 49609633
142 134396 663 14344897664 64528105
143 774780 672 6018489865 8987476
144 978583 654 14979324396 30022353
145 917364 742 5429066112 9160983
146 731804 754 13488465297 60482579
147 529571 833 11092882522 68922770
148 46617 748 14018625647 34233061
149 761557 715 16012096328 50784612
150 366080 745 14175366784 29561485
151 168305 835 11935427870 51503104
152 434025 669 4615952390 5830986
153 720494 742 13068400858 22873346
154 351587 773 15331376611 59947463
155 864553 848 13155206527 50356074
156 665116 829 14352924712 38913199
157 126798 836 12433092355 24968275
158 737762 894 12601911769 39705017
159 576 766 17489480996 40010566
160 410503 758 18242227430 54815401
161 56313 750 18633998359 52058720
162 583795 803 3825078572 5096546
163 952732 790 8785618550 12493104
164 588175 909 12394610569 24996620
165 814081 914 12327171659 24029973
166 735113 757 21431753169 42922859
167 236857 901 1820598616 3136907
168 370986 897 12828200475 22697442
169 230053 886 4436239338 6239742
170 784339 762 22874092281 46338789
171 595698 849 19456100868 81587846
172 83201 810 21289591416 69732882
173 58092 945 15563177110 54630554
174 766043 898 18118990187 66305071
175 61217 855 18311621400 31665158
176 835504 874 17294930849 28495605
177 653429 839 22152316311 67807159
178 784446 801 5134574488 5985987
179 602246 884 21347301446 54735370
180 532261 838 20773021889 31203460
181 859043 987 18014880001 51794331
182 781913 1014 17536093288 77200311
183 445788 883 6401391200 7460295
184 591528 845 26382222632 52956548
185 593499 986 16491227548 25902191
186 372952 1030 18558270846 66281595
187 520072 962 22090143292 91119615
188 428184 985 21416823306 92131394
189 548767 979 911276163 1484436
190 794984 872 22354672079 28916564
191 733772 1017 21861246531 72846454
192 629288 933 3136111529 3476107
193 614226 963 5967311181 6578930
194 273754 1046 21924050153 79529957
195 900922 905 28142846832 42024693
196 521970 1041 23518076418 85289894
197 125982 906 30660406111 92455858
198 688123 996 26584581741 81310874
199 218782 1020 25582252645 96457213
200 239719 1057 16964708573 22601172
201 191750 954 29495565439 92298186
202 266298 948 30113948038 100846371
203 205044 995 27806503478 76377865
204 19835 1099 22611581612 50319753
205 715414 947 29474427817 42957283
206 203131 1011 26004167993 39645176
207 300401 1071 17497469956 22680775
208 843319 989 25778567867 33751231
209 880869 1044 28349639125 73117509
210 454351 1023 29678482239 49570735
211 440577 1002 31628425983 59446178
212 816643 1003 32496858304 68520219
213 569111 977 34662541950 70512268
214 977573 991 19414796053 20285438
215 303209 1032 25626896071 30472643
216 346526 1068 11205150582 11516951
217 638593 1058 32594056546 103729134
218 907347 1063 27787373038 34274623
219 801790 1066 34106253959 96104600
220 1447 1094 32491259009 97684607
221 59804 1082 5099017364 5344091
222 14118 1138 30113170004 99832463
223 958760 1077 33723275065 49301755
224 391354 1148 31053507814 91403909
225 822257 1228 27612495051 92548900
226 522415 1138 32973245988 53773924
227 878449 1114 35579674876 108072822
228 835346 1179 30362399916 42041201
229 887760 1173 34131066009 86171072
230 317658 1101 38862668476 99329272
231 3663 1150 19278776486 19246060
232 323960 1244 11338794409 11767173
233 275384 1230 31914220889 105315019
234 769383 1200 34400441861 55826737
235 65080 1200 34606632220 65326123
236 501827 1245 32580383615 68293766
237 881521 1106 42133344129 69934051
238 701293 1193 23675423897 24428247
239 566644 1135 41897971628 79833268
240 22052 1185 20061594900 19119693
241 57602 1127 29958110441 29867347
242 91552 1305 2563849213 2581647
243 838481 1146 42356056166 61742787
244 254782 1161 32663184010 34775339
245 266358 1311 33015425382 66985131
246 675447 1177 2812197325 2519882
247 757598 1306 32121047096 42589014
248 731610 1161 45056310501 104503286
249 388802 1204 36085663320 39753954
250 666912 1255 40296784451 114793477
251 712884 1237 42370371285 81241109
252 166655 1204 7217932719 5711715
253 411504 1327 31374346398 36609665
254 774976 1213 13924950540 11871543
255 657592 1274 42553962658 64162846
256 150539 1213 33739036011 32839833
257 595027 1199 39375306916 39824328
258 338475 1213 48146154340 84391989
259 988605 1398 37281208294 58555710
260 778832 1270 11859409328 9345063
261 100125 1274 46519254310 114546905
262 726416 1239 42201976333 43280234
263 768562 1259 8467816362 6390078
264 174806 1377 41893080053 96134582
265 832471 1379 42846627120 67464188
266 787689 1296 49553769784 131769225
267 978652 1391 37858981279 41592936
268 305902 1307 50594183439 110336458
269 480630 1336 49224409339 74747311
270 722175 1390 37874446998 39076481
271 63544 1288 53796156719 137099302
272 385124 1411 45671056865 88779927
273 189556 1391 41503328806 44905510
274 783588 1422 46245672037 106629125
275 187653 1362 50682796027 76723040
276 442414 1320 54367390848 110099811
277 631663 1386 50503679087 100988766
278 93668 1393 50138681764 119765549
279 853406 1454 47077398460 86460357
280 364330 1358 54430366794 95828738
281 514045 1394 52548301503 99448514
282 518973 1438 44997144541 48486847
283 39997 1394 53361836234 83014295
284 42755 1397 53205447640 99873966
285 415878 1437 18312969976 14903913
286 689103 1502 47331688536 132610334
287 544610 1461 39336710686 37665506
288 131423 1454 51658844446 106723841
289 493940 1528 40456934549 42833641
290 202932 1547 46132516885 88048072
291 154317 1379 58484721973 79207327
292 167787 1449 53460038840 71194091
293 1387 1526 48017267599 95206927
294 253209 1396 57830579044 75613480
295 585219 1385 59572020173 121249682
296 171827 1456 20568574481 16124146
297 185633 1397 59196688207 77575746
298 169942 1541 48873531182 138637806
299 903493 1410 59749482562 74237827
300 438112 1470 43560702533 39624955
301 568784 1496 23250915569 18599041
302 788832 1576 50210581224 91271939
303 108905 1579 32065635008 28776697
304 651118 1490 57637753812 113899505
305 30137 1560 51757018277 64059882
306 212831 1453 60859391763 106666481
307 286878 1509 52746774670 54913992
308 783253 1445 63172913693 132725645
309 270716 1454 62890202780 87333347
310 431745 1604 17482073814 13397845
311 461909 1531 58288362172 106732883
312 905223 1602 54320130106 82047648
313 984242 1622 44040327432 41970680
314 87295 1609 55388755113 144458294
315 748178 1479 66702466106 82057209
316 165647 1641 47268490644 47530829
317 297806 1602 29328871213 23060155
318 923571 1565 62028032156 116136574
319 579975 1618 58811444058 109279308
320 28672 1527 66044275756 109741524
321 153534 1616 59245447732 153673696
322 987206 1666 56938742125 79431534
323 832753 1668 15928292516 11414550
324 759719 1642 61231858522 112031967
325 807994 1534 20064614189 12887197
326 666344 1630 64520749717 147813660
327 442292 1717 58396194648 110451683
328 532505 1688 61465552815 111402319
329 559242 1681 25419435118 18194667
330 135719 1658 50072313584 42241931
331 754210 1570 48073638984 35740567
332 794051 1671 7427722921 5442411
333 6570 1679 60118993283 57805700
334 576075 1637 70182693951 141987272
335 379589 1567 76833750495 164481429
336 292728 1673 68307190628 128650309
337 488193 1619 73678022939 139042003
338 988963 1681 69695673822 77725680
339 998721 1656 73915377244 122571204
340 691029 1768 65715461605 151570232
341 364195 1675 74096212015 104365356
342 373987 1800 64325239584 111256224
343 409613 1739 69994146722 170512561
344 323611 1699 73936761175 132829327
345 306683 1691 65671171486 56331971
346 563738 1694 75875987115 104190912
347 966066 1805 66051515225 68393257
348 969698 1700 78752594087 117869019
349 969568 1740 39355108447 26711425
350 970679 1852 69027710421 121798493
351 535724 1810 70052024933 67393874
352 840036 1709 41394755302 26507698
353 635088 1790 77780501082 103707463
354 666580 1825 75881138278 176715769
355 612076 1712 31307189414 19035075
356 232722 1891 71664928299 151937872
357 213377 1885 72536754856 127908272
358 42181 1857 75013843742 142284161
359 165245 1859 35266379926 23733796
360 564452 1824 77748802009 77436315
361 121170 1903 72524907061 179198452
362 474282 1855 5348676914 3509143
363 611868 1848 53894616173 38971603
364 653067 1833 80055317207 77822635
365 305195 1864 79487577128 178606226
366 134505 1901 74412678812 73272978
367 6257 1917 37672353827 26147053
368 735799 1838 83416224755 168162461
369 660235 1754 92530210200 107812665
370 593263 1917 78562962939 163126046
371 230855 1794 65874345522 46141688
372 474364 1834 87406069421 174250614
373 523515 1798 91619185873 91668256
374 777073 1923 80752555558 81375268
375 711889 1799 94582673563 162506283
376 150208 1878 34921441348 21122946
377 903764 1971 30185243784 18812887
378 866465 1822 96087118291 105476956
379 110699 1963 82964469946 168316874
380 98857 1923 86832024321 161718669
381 575054 1887 91314610234 114510503
382 160910 1882 92101708481 99926731
383 463583 1984 83417617851 164602490
384 985904 1941 12389415181 6966247
385 599613 2010 64630420988 48089964
386 417599 1981 62576025190 43806572
387 680381 1939 22388417207 12637033
388 679792 1953 92633997247 127235842
389 879441 1902 82482583142 58837975
390 353094 1863 103286881248 93672367
391 454157 1878 81804013949 55819042
392 533966 1966 11760400176 6588787
393 645095 1890 104575756536 103331799
394 795481 1881 107138401290 156495678
395 873121 1947 102172872476 134767294
396 443214 2087 18943084891 11221155
397 355342 2039 84631637417 65673286
398 669760 1903 109724003924 185078036
399 532312 1987 102174283508 165038580
400 225173 2041 97232842631 150237349
401 150910 2083 42257393734 25397769
402 141151 2081 93892658732 190102392
403 864647 2118 50644764851 31696716
404 624356 2015 103403999657 118230076
405 144021 2040 101166999896 134598029
406 765414 1963 71975089050 43092079
407 980788 2022 106559543017 157410351
408 719782 2011 10495174418 5199065
409 535240 2071 42003566626 23375927
410 926225 1979 91333809690 58594129
411 134342 2136 99686172296 163393771
412 998788 2126 102702778210 151620605
413 158972 2042 111701507686 104223738
414 152611 2122 103741908821 162746712
415 778993 2096 35585555138 19194195
416 680345 2192 99626353629 200143475
417 704454 2159 104382012035 106281843
418 870243 2184 89745075557 64722446
419 144964 2183 98124598285 78493679
420 164890 2139 14059988464 7362236
421 203678 2033 120673551493 156646042
422 734863 2053 120091570750 130150226
423 148678 2180 106884743133 108053727
424 440820 2106 115617977610 139729568
425 405266 2211 105432997970 142808616
426 194678 2195 36680354766 19798636
427 998023 2229 67232397636 41474131
428 801206 2243 106243303355 181417070
429 980976 2179 115038564475 164876170
430 841173 2166 33377353523 16928296
431 442116 2087 128004635652 158266200
432 891486 2202 117247246249 171482771
433 663067 2198 1442997643 988057
434 543596 2204 49605065471 26320379
435 360847 2291 111088021029 135049929
436 641774 2113 130392949790 101989741
437 852023 2153 129486429182 179434869
438 634791 2272 10659148469 5488400
439 295559 2303 99256077914 67854348
440 923484 2177 22868910820 10592836
441 775264 2265 119370573678 92973757
442 277847 2306 118916981228 190728963
443 224620 2191 120506584139 81058425
444 225029 2254 95328315033 57432029
445 294559 2152 114985613283 69882302
446 331604 2197 28745793690 13213673
447 58686 2245 128216170882 128971627
448 820238 2170 138776964013 144798025
449 468919 2222 133801397424 141841542
450 960813 2283 47691475258 23972461
451 625924 2355 122344529162 152063654
452 82983 2267 132462216619 211871115
453 905718 2345 72632910649 39300641
454 57649 2273 50458525554 24652110
455 440492 2266 135830116488 182988694
456 787407 2344 83086763181 46074965
457 933328 2357 129315483270 152217278
458 218603 2378 127431638024 144920776
459 702910 2400 43748581771 22348207
460 624633 2388 53426666975 27207753
461 190804 2348 90124459342 49921186
462 692253 2270 145192054592 172737564
463 667076 2385 133202286179 131868123
464 795595 2429 124941160966 91823427
465 97870 2359 113487926395 67915781
466 966214 2278 56103196594 26218422
467 651935 2389 138591459707 214635965
468 657419 2382 139359558103 106047622
469 603135 2448 96095583283 54044136
470 640013 2436 137530697452 117320311
471 996176 2407 143332610320 174236627
472 839649 2465 61462305854 30654098
473 17089 2349 145183132337 96768959
474 998323 2452 136006104802 94485378
475 778980 2515 136786054609 230279810
476 64411 2514 76763244880 39645039
477 339200 2457 50342206154 23387213
478 90136 2497 44959624288 20904330
479 580928 2465 144950462750 115073289
480 536236 2378 157293260609 157183523
481 662404 2367 159610768602 118038569
482 422646 2481 12652004836 5633936
483 677174 2507 138418523250 93787283
484 623046 2504 147627112794 159500325
485 578970 2471 153093102240 166155365
486 335785 2519 148026968478 165070912
487 970142 2581 142890431565 223463345
488 767141 2542 149460255123 225788261
489 351005 2472 153732384707 103108099
490 803087 2546 129322983062 76009916
491 166595 2494 158695401200 188364034
492 984519 2576 150943459496 218511554
493 329297 2451 167543064696 181206974
494 918607 2587 77223714571 37447060
495 409395 2615 150224569416 224030140
496 179949 2439 173043634471 212640732
497 913261 2566 159036448152 213507584
498 452296 2456 174403554066 184180396
499 46973 2481 48887507249 20428946
500 903616 2460 136079556262 69437798
501 297604 2591 160174475774 181379210
502 776499 2618 158726180512 250302269
503 115151 2539 169134688102 132849931
504 488931 2478 178464352971 135002812
505 525966 2680 153521355634 118826154
506 941190 2538 145994168313 79078772
507 939782 2624 119832995208 61077959
508 452651 2593 170825694115 228758637
509 973175 2542 180159446421 215531217
510 686417 2624 170692097364 124732315
511 538463 2662 167567899328 177755458
512 823027 2679 167497567695 140240751
513 153645 2557 184076081894 157844648
514 446897 2685 10404459731 4715137
515 373170 2647 174226290223 142936941
516 685888 2717 166876246919 205977578
517 618465 2617 181708633910 215669850
518 818929 2675 176141401120 243414212
519 760492 2643 182462441148 219763055
520 957510 2719 168910612824 108415001
521 863851 2622 176109349984 101030115
522 791778 2655 159060356137 83929163
523 963029 2632 193780036535 206953229
524 886954 2751 37528428450 15025514
525 379083 2637 196619509314 269671150
526 735763 2717 151891162573 77520276
527 781651 2641 162917726183 80657268
528 880495 2806 141402146461 72384905
529 7940 2788 182457666758 140652268
530 39844 2817 162226901300 93224438
531 544672 2802 161338854665 89479303
532 325927 2824 180062396419 244896452
533 72252 2756 189501708097 157399240
534 1777 2740 191715596464 256400656
535 628438 2798 185476464177 273186127
536 1241 2724 195433730096 134926248
537 311880 2752 127407221673 58053685
538 736154 2866 94196440597 42380808
539 876039 2731 141943785951 65570758
540 808511 2809 58387571447 23635593
541 902265 2837 190097436427 219320471
542 924684 2754 151905472194 70597533
543 376372 2902 184761458628 203931963
544 247682 2827 195223530052 132691023
545 322452 2771 40993657265 15176333
546 947383 2746 193219971244 103308411
547 345495 2915 172101971021 97631213
548 606766 2876 106731034822 45691115
549 718963 2752 214961660801 229460261
550 140514 2880 91521953222 38156197
551 824910 2779 211327562211 130927938
552 390690 2793 128444423462 54565673
553 380785 2932 181310286378 103484479
554 947331 2880 156833949041 74117166
555 734286 2897 149805596930 69323624
556 131658 2796 218939050192 208389078
557 747440 2972 195756711040 188719760
558 217214 2839 99334048375 39059021
559 389420 2883 204581387891 122241339
560 85175 2854 214637603341 152237410
561 724707 2995 180835219504 100646626
562 140276 2841 127357017242 52424811
563 497421 2808 4326633248 1591877
564 159378 2887 214261990909 245456756
565 382314 2887 215382691595 178033676
566 609290 2998 201124812657 181630794
567 395381 2911 108644014900 44124159
568 866894 3004 203863132080 173033193
569 87137 2953 211463353375 225486336
570 63034 2972 188374272212 99296046
571 245592 2980 141805331391 62920281
572 994535 2966 183065736952 91723733
573 689823 3015 208256388877 190251944
574 202789 3030 133278142548 58474948
575 810252 2991 197078638912 105156838
576 853633 3046 209171276041 238447832
577 641614 2947 190659978709 91860798
578 101869 2883 222610670858 117464259
579 992762 2979 177770073066 81919219
580 347516 3013 220110965446 194398743
581 819294 2971 153326800513 64715155
582 70844 3076 190403616679 98108720
583 56020 3026 220989383145 205133598
584 986186 2969 232543114941 152738714
585 658957 3046 208768674558 111886467
586 12071 3069 204575156577 109896451
587 276457 3037 225123482303 284044170
588 636102 3065 222835886074 211432744
589 202892 3108 217061370863 289109100
590 451324 3016 232201084361 181629055
591 916244 3058 228607635275 185155266
592 55660 3134 217424164747 282811544
593 944720 3084 67804905154 24680961
594 317043 3083 228810355718 279398062
595 482802 3055 61710675382 21926241
596 634048 2980 248163256510 271315011
597 297201 2971 200059925902 87382572
598 397764 3103 231273379445 291826026
599 497308 3058 239705666486 205993301
600 656223 3087 236695262479 147174331
601 82786 3007 75244333836 26257295
602 895155 3026 13286120968 4406402
603 485109 3058 225582230727 111641996
604 622784 3013 218830813024 99404402
605 506229 3037 253199864724 284885610
606 219925 3013 257739005707 197881253
607 155061 3190 66393023450 23963963
608 174313 3118 100187224877 36638529
609 629105 3193 232565512311 161723109
610 716822 3152 224409320466 114499877
611 248407 3035 260390592385 256549153
612 993773 3176 241211946788 301652035
613 596674 3073 259392293793 289622750
614 697452 3252 233490612314 234725256
615 901484 3066 262488718319 145337968
616 387510 3196 32708293195 10922254
617 72882 3197 246225649878 223949821
618 48412 3132 256684914944 233115589
619 545772 3086 251266027583 125185082
620 949062 3262 240898437729 159123969
621 569968 3110 266927536699 180174708
622 200203 3219 200181467075 87744563
623 129314 3179 256828251069 162468538
624 388426 3218 251847215882 198162138
625 559200 3113 128032478505 45558971
626 947907 3201 190396244528 78316769
627 410572 3174 173483339298 67253175
628 229958 3271 57109030487 19753468
629 742116 3178 191605253457 76869156
630 174509 3221 167157127512 65067551
631 434693 3220 166794042440 64390658
632 483580 3254 258822662648 319664069
633 789521 3276 235557653110 114224428
634 794784 3156 206180801717 81392377
635 514531 3200 274492525337 321412726
636 132847 3340 154893378240 60647636
637 589133 3191 278390913286 183780711
638 497989 3367 251374470312 305068529
639 442164 3199 56967425902 18391743
640 498015 3362 254111708275 150058722
641 480381 3283 269514704279 302036560
642 462463 3361 200995297590 85456347
643 967825 3254 9443372651 3128019
644 239062 3271 260388982239 126412949
645 601257 3307 273040714520 174851121
646 855193 3290 278705233612 328871758
647 777209 3333 243091153669 109942878
648 14605 3240 289804946177 240362844
649 15878 3419 230510000770 107035707
650 20321 3324 274170643316 153449467
651 926180 3323 167662717109 61647063
652 625420 3280 288402895475 290746775
653 279661 3319 282758097068 168165993
654 78653 3263 145953027643 50333646
655 26513 3262 292783253442 192165356
656 593975 3356 27359717712 8513502
657 508545 3371 254575242620 118530044
658 174324 3360 280515579562 173574527
659 770264 3431 243697215507 112657597
660 270456 3343 286883898309 287532639
661 178406 3412 111906095082 38087200
662 429620 3412 277338694216 184613517
663 890376 3413 33061988629 10294649
664 358433 3375 202057411559 77184554
665 606627 3480 180361148759 69793422
666 650777 3363 287808551991 147041139
667 193796 3377 16953462029 5539417
668 923784 3476 225605146596 94432949
669 125027 3379 295611696770 281724491
670 693004 3453 285362195799 271090383
671 478557 3361 302777588932 200248345
672 952487 3409 297761533171 288209528
673 581007 3456 291688015198 323863610
674 416814 3531 146863508702 52201267
675 997166 3368 311883896259 210888395
676 529369 3553 281844022855 288677786
677 788884 3422 307023776422 203608993
678 527195 3499 295489322273 227498358
679 470532 3490 30084449128 9289103
680 989659 3488 281694754775 128470482
681 799071 3515 79651358396 25469100
682 8025 3575 190096573484 70784857
683 327262 3568 7220839352 2559751
684 901202 3590 283866862802 142596454
685 153233 3588 268772146663 122495574
686 926053 3523 307207004428 308413164
687 608826 3576 250314869175 103116615
688 554123 3470 320718006187 187267701
689 14634 3504 313804771245 167906574
690 858412 3576 305058151475 176877206
691 2844 3523 297669872092 136863066
692 920294 3538 314999639967 314762716
693 529026 3530 161076704368 53130988
694 260082 3582 310011518444 280873170
695 169419 3473 330115709206 272030734
696 214531 3582 213523069203 77915911
697 134443 3559 315913935999 327593968
698 988330 3654 302683706750 242901418
699 857791 3529 109120395014 33718878
700 126495 3557 323325035553 220441825
701 116895 3518 330768894466 180295980
702 551145 3591 319624685632 352103009
703 606795 3499 330957536468 156683024
704 266593 3553 329618195944 207914099
705 46173 3580 6149937606 2416189
706 358740 3627 317497686532 173465565
707 422862 3551 329304513907 163900152
708 88025 3521 338816289625 240955337
709 846310 3681 312992527065 225275490
710 569688 3523 343678552773 205950228
711 255230 3654 320735220448 262705698
712 140644 3603 330445411950 262223959
713 206688 3588 333932742485 280871755
714 458405 3642 289998101450 121546899
715 389432 3588 108455425416 32848709
716 982949 3735 314065264587 255712899
717 46684 3597 339169688542 251005710
718 330120 3668 213927920297 74847372
719 132277 3637 333529953777 212790315
720 8825 3591 342016734058 199076406
721 776749 3744 317066844489 248644215
722 949556 3734 322249689841 348888517
723 824376 3574 27430655018 7598080
724 9626 3749 43887644971 12818057
725 35032 3741 324116050479 247773436
726 380952 3667 317357825360 137722467
727 298185 3599 352730776997 198627629
728 410807 3703 7132355003 2162201
729 655046 3740 84104111879 24952738
730 626458 3695 183108694756 59385858
731 69550 3743 180530933352 59254189
732 366937 3684 344807811828 338542450
733 147187 3615 358297264634 286759324
734 570504 3610 361335563511 187620786
735 251391 3625 359516708925 298050439
736 212876 3646 182610641088 57218596
737 511969 3763 49136105460 14008909
738 65477 3790 331784629782 343686927
739 493807 3641 361355178312 366229080
740 266519 3731 345439228364 362753123
741 38771 3756 26017873251 7263604
742 615558 3823 330926737023 218053388
743 438946 3657 363485327521 251701120
744 732844 3800 339429294218 260449353
745 669388 3770 136277971659 41374259
746 624399 3819 340695547520 215006612
747 154875 3781 348325225393 313112035
748 942197 3745 358636240211 275053105
749 314648 3863 337793440957 232235617
750 905054 3754 361556264710 219250133
751 575857 3714 371419621732 345308357
752 845651 3723 372945037711 203850707
753 427211 3719 135715373519 39359602
754 637041 3887 331349051439 147869152
755 564925 3728 233260098637 74090703
756 606206 3881 351388042422 285637037
757 985295 3752 379815955162 341836395
758 528760 3758 187502909253 56323923
759 744342 3884 353490139110 166145538
760 81835 3864 363450456144 328212101
761 321326 3795 377972031735 197184456
762 886297 3786 383186055491 254452431
763 600465 3816 379671742562 201089453
764 941090 3919 363447045140 373693217
765 897338 3868 318276555334 118417031
766 868588 3888 376199022575 304109553
767 474619 3900 375714051781 227571208
768 4454 3946 349415913407 150361914
769 859312 3862 199774367579 60248101
770 66879 3840 391106389799 363506173
771 116097 3822 284940445768 94085265
772 419502 3824 256792793372 81427861
773 242137 3905 381389002623 388032597
774 69255 3890 384594975605 203057613
775 371209 3872 388647778332 187995759
776 935399 3849 397873694431 341085865
777 869529 3829 405366886862 319017075
778 505865 3845 403476663245 192702827
779 626017 3954 338848237502 128807767
780 642931 3953 387743571739 252852975
781 956630 4004 381493432980 294860008
782 983372 4024 226479969911 71060353
783 142064 4031 275456805464 92899250
784 38166 3892 408372282277 249735621
785 776736 4055 352428919640 143691633
786 116730 4049 380740675299 292222037
787 701548 4032 165572081124 48319256
788 649427 4049 386031127484 224102568
789 1048 3942 407343456140 330019208
790 171129 4022 380230395197 163948720
791 286525 4024 230004279771 70684301
792 695510 4000 400323808018 306166722
793 681452 3987 405669455849 257740389
794 76132 3908 422049621879 392357431
795 238373 4044 395519719704 377937770
796 804080 3981 411403828215 307999296
797 958787 4100 358904512607 141122343
798 963325 4074 400411301792 318636514
799 236854 4065 403166001909 401360579
800 253376 4010 415317207429 396332964
801 504932 4014 328818270354 110635766
802 800960 4081 347544380885 125499601
803 541412 4080 408607323663 232859786
804 764798 4158 396031630329 342232253
805 151279 4098 144405292699 39872455
806 493186 4040 422507294598 393940171
807 597956 4065 419831248097 291372533
808 597408 4026 430334171076 405690511
809 531022 4127 411790550280 263675393
810 72323 4111 261083978399 79944122
811 972160 4030 436060182503 293184066
812 970958 4137 49029450946 12633862
813 106211 4107 420166934852 185347077
814 206819 4132 420269513618 295690710
815 54334 4043 438939793233 221640272
816 575092 4069 435908274306 382822105
817 798116 4101 375411860159 132976665
818 480505 4213 185584148194 53042472
819 798238 4104 434426003852 192647231
820 125844 4078 353455949100 115906118
821 317261 4165 111725474619 29409983
822 440231 4188 421142082275 190588747
823 454928 4096 91182217423 23509626
824 325316 4247 414629883049 298185968
825 864896 4081 394117271186 136754610
826 893978 4131 415983369517 156898847
827 257579 4276 272881238494 84784012
828 598783 4279 418772497991 309000936
829 119895 4161 212791025157 59008188
830 695476 4268 424381565915 291152132
831 600494 4111 277098721713 79983446
832 672183 4215 440696720101 285157066
833 500424 4268 431718366586 270137051
834 838980 4205 240712584853 67866575
835 427713 4303 429712238271 285360240
836 111081 4253 230686267857 65761862
837 721974 4218 427948911582 164713855
838 733920 4275 442100056681 391817421
839 650860 4182 89322444752 22046721
840 981051 4261 371899853681 123252962
841 232684 4309 442793033945 266279545
842 434702 4301 228613170093 63891934
843 615321 4335 441741245159 425411654
844 260146 4317 446631031619 271251371
845 988563 4215 389670564756 126303358
846 675683 4200 478957528986 243536900
847 992629 4300 461577407101 271073192
848 462165 4320 459269373158 368592307
849 303647 4375 448843427258 284523445
850 61262 4359 452499182588 399529861
851 36629 4264 473094450278 428260282
852 910159 4350 458463062619 403830199
853 223077 4348 459847556563 370323643
854 651466 4274 478698855430 390677178
855 254766 4417 406619076440 146950662
856 969338 4356 255407800412 70774717
857 476286 4400 458783982551 244178590
858 307432 4310 479608679121 249147199
859 419474 4442 419713252216 155888932
860 819259 4299 487475319922 429844129
861 458793 4410 465253589534 292194391
862 322562 4308 488940056680 288232125
863 771994 4341 485065178535 402883420
864 764056 4368 284980253824 79623669
865 301592 4465 377788968848 123276285
866 143633 4390 453293324406 167995066
867 224596 4373 337945239451 99618934
868 10802 4387 444852407731 159478909
869 252003 4433 147528696235 37894049
870 847284 4473 467362262316 330465151
871 965697 4503 15014112608 4252036
872 70969 4461 474466180383 355240906
873 210183 4346 195873742265 49475214
874 607558 4456 151508489868 37924485
875 778591 4486 475976739366 275390544
876 444122 4518 470944960334 361722646
877 396627 4356 445934306370 146711565
878 181180 4342 450159259514 147559316
879 327501 4508 477065736868 260844961
880 78501 4436 490285668875 205062976
881 6298 4438 243860202495 64311984
882 796595 4464 459681425988 166436652
883 961075 4519 461456880936 173792211
884 869414 4509 488764674661 350660351
885 662900 4471 500161850613 362997472
886 751334 4534 487172592395 206776231
887 45189 4515 493903923817 420302102
888 11435 4540 488414292450 291726830
889 368855 4459 508140310117 393722492
890 654946 4423 519268796973 383781936
891 957314 4481 510453599018 383768222
892 550211 4456 432865280488 135671876
893 119260 4456 267295733233 69254462
894 882573 4567 400994012568 124986648
895 392475 4548 250698551543 66068371
896 983716 4627 490889805790 372639124
897 706698 4589 165484417862 41241479
898 889369 4586 353024567417 101309307
899 953455 4597 179787512143 44829088
900 197083 4535 458415956170 148009503
901 477310 4476 539791780198 323397275
902 923863 4648 504713061742 227657042
903 873221 4636 511354265935 237243296
904 765856 4508 544276263017 362080252
905 174431 4576 529328703416 317112265
906 551807 4668 510866273484 337869138
907 122472 4638 11264804495 3110978
908 912886 4554 133146475991 31017034
909 386919 4610 514346942883 190439607
910 441948 4561 70453835838 16521998
911 190344 4686 62864043186 14512077
912 238521 4674 383499988971 111308752
913 900995 4724 212844936124 53321952
914 459882 4685 523619594499 342576114
915 299035 4605 543478331515 291251773
916 18908 4679 526452082569 447328928
917 258942 4699 523056126191 296220103
918 358155 4570 534331827229 191076578
919 30372 4716 413118512930 124882297
920 89440 4738 516344652967 454796887
921 194757 4687 528893715734 351353627
922 834814 4744 389196911544 114234410
923 18559 4654 278478419341 70891256
924 784050 4622 551611300305 430203347
925 852222 4765 522427257132 233063485
926 22352 4681 193607890304 46820259
927 914208 4666 327110485109 85565060
928 990490 4693 547999079574 414148615
929 332817 4698 548386328698 459765354
930 515586 4676 526856449283 181865187
931 230811 4704 550478925988 379485293
932 941957 4796 501780581528 175133079
933 977484 4706 431341406178 123657784
934 816143 4627 284415135654 69222198
935 57850 4770 410770479363 117056376
936 238515 4677 571233519067 293902691
937 376447 4766 265472373248 66021137
938 887063 4832 540047176462 225421546
939 903501 4796 56816879934 12418180
940 198714 4781 557765941645 265463300
941 680412 4701 420106195123 114579027
942 247872 4827 455969249301 137648313
943 635275 4751 572329461702 384739988
944 569436 4818 417179872557 117401912
945 705299 4797 567434709167 329608732
946 6382 4771 43784240709 10236114
947 309637 4737 583342214906 410064824
948 846092 4729 589377992382 268877926
949 335557 4782 501108248889 152730553
950 494265 4806 574804500719 371308614
951 609066 4834 202316704625 47660971
952 740381 4902 554155817202 216206325
953 604351 4825 570361172480 210636620
954 505353 4916 560315785323 479661788
955 304220 4830 582324034858 471421864
956 424734 4816 587766669943 428623456
957 342670 4749 605807341464 380481207
958 56682 4891 274795701572 67147061
959 951239 4890 576429886462 249132582
960 695398 4863 586293618979 439749986
961 419433 4879 584451824278 316967988
962 193719 4840 412770812031 109060053
963 589661 4928 128966143939 28580707
964 367206 4831 601744158102 471467625
965 121767 4839 600381307070 451138934
966 189654 4903 318085498611 78643327
967 167356 4819 379137236428 96199786
968 461744 4824 346819456781 85456543
969 407975 4871 598552947023 327503614
970 644517 4969 577912003646 326001782
971 406575 4974 383619239921 100938760
972 102961 4824 80553822212 17499004
973 724855 4921 595518280113 252531096
974 912701 4850 617497897978 346602442
975 474383 4892 609444786195 384890896
976 720424 4976 592386184116 411866510
977 556070 5016 237586241890 56110993
978 66863 4953 601048341664 429694975
979 583536 4984 596318634479 466211732
980 127745 4974 599388545464 388219306
981 754841 4880 626395281129 453008657
982 527277 4900 56453429263 11707847
983 45775 4912 621265446002 435028430
984 951545 4965 83252648967 17506014
985 297539 4876 636558613287 463530253
986 599075 4970 440742905248 115878213
987 897063 5013 609829540479 296601432
988 618889 4965 154322996732 33484716
989 646298 4947 632585117504 275955170
990 54610 4907 642962553031 282132774
991 500159 4927 102074193644 21320118
992 585464 5019 620271670634 269007001
993 560633 4916 556392740602 158554074
994 806226 5105 54285608339 11526604
995 464483 5112 606311538346 327671096
996 999172 5041 628922121206 438298193
997 628431 5045 631072176491 297094223
998 954212 4950 660057393448 346341190
999 160932 4993 576497157554 169296779
1000 302173 384028 578967613496 429160256
1001 897654 65699 770134403359 309178193
1000 269625 166597 613131166066 389772172
1000 126949 420484 331049709641 30100817
1000 47704 222914 695880725927 446131572
1002 135487 283120 304788209121 291013253
1006 186530 449157 746106972594 350844622
1000 957916 805807 121866384116 340547002
1002 401681 608348 671983100895 437427022
1005 551235 776706 371563761955 311297347
1003 920925 873077 450893999345 325546155
1000 738285 613017 696811838621 343842333
1000 396946 334723 262875176899 10361916
1009 270677 337709 2229375398 135960369
1013 440616 591193 566286512531 246853800
1000 459143 530601 743627964736 194658690
1000 290326 742232 230476046219 42125133
1003 475426 65001 132835668014 29162439
1000 77254 724116 644548301385 257466743
1000 58431 959012 177983957090 248922433
1000 822622 386215 293692169032 340658454
1006 522389 44437 341420088562 314515529
1000 523636 65161 280738179659 184337996
1005 170408 752718 741238600537 154428090
1000 579199 782728 489931027028 435786589
1022 10674 204566 351640625256 292904026
1010 496016 499052 45362716947 480781898
1000 866561 24013 338764876407 212502388
1023 277275 492760 375561111534 257516706
1000 969672 507079 677606119549 504651371
1000 826066 661101 618661989348 119836019
1028 547238 471731 932121463910 123087737
1000 568237 551857 100113035471 267558698
1004 475182 106253 591631689834 72325674
1000 981110 19727 449796999024 62446550
1021 886668 693718 727281836132 346596748
1000 195045 380317 683759713702 389188422
1000 899365 253372 492350124921 328931658
1000 972250 151256 431552364807 55090574
1000 528298 466627 194980954287 28760122
1023 360669 438137 726676651503 156529393
1000 222072 67580 387367906379 127676813
1000 35993 323102 102312318813 179750686
1000 767103 492569 932750792622 478836559
1000 953699 226329 102150956512 143345035
1039 380593 720830 909852124635 347974911
1016 529324 56737 598714295623 4403683
1000 594785 349687 566274370237 375639495
1034 277214 846249 69558159920 348361906
1000 276008 195053 587400936849 127156814
1000 668196 18768 542775048392 498779160
1000 771552 731082 796947237438 167192393
1000 669573 755541 340343294784 128418934
1000 639681 344439 840059669277 389416987
1029 887300 679798 257506349190 112011428
1029 967241 422753 48664821295 29885112
1054 10519 192701 886776201439 146073842
1057 438348 341546 970720388148 342047544
1000 390979 252303 893197380697 328712126
1011 849720 815040 437522606781 105269613
1000 183826 373730 418594355088 201830569
1000 382531 953278 873688533656 502231721
1050 815545 170399 823812343506 275163248
1000 639018 18076 357307338295 249497520
1000 956862 410441 420045289335 241061580
1004 600100 92726 120738903003 282904722
1000 87484 178970 969526402536 125374107
1000 956100 317340 684808025020 426297457
1000 477564 118030 541111753262 137670195
1000 225160 507813 40236075535 442849071
1000 449490 603831 71011062934 252968603
1000 298265 453312 927328140019 114697457
1064 568698 78738 285421973250 54458498
1000 894595 837214 80579302671 295522333
1000 820694 94685 491329908756 160979963
1059 92114 998493 449369796692 56279114
1000 388204 748153 57046006552 490609531
1000 468454 254223 246840209875 106048431
1069 103584 816011 346832166672 189003489
1000 651923 675919 208028414041 97760300
1036 970392 301024 146025630205 84791835
1038 121762 746448 471355055792 40204965
1054 874212 586726 292379658924 167220152
1000 517192 994123 387471579241 351257137
1000 977952 606346 159195023648 320145015
1000 594029 433088 165963480011 448686738
1000 793078 433532 981584922520 105391145
1040 542611 511121 25460884838 400750089
1000 104426 687222 288636738926 267046923
1074 432184 148099 266650739750 140354555
1000 66445 535675 621154078201 127229209
1000 701113 218087 671803255057 488294145
1004 987435 409376 429656259751 89687737
1082 532696 194935 369478943320 260155461
1076 891982 759006 396429808095 120681992
1019 330131 895519 792356716445 367594291
1033 722883 240016 767743683668 75017272
1000 190839 816375 120114859646 194192602
1000 650924 683817 485401455044 189081152
1000 312056 770859 81264137979 381483438
1060 173398 147371 579358048812 304696459
1000 750780 153169 977032701785 446369417
1087 299797 777694 213733555114 466171913
1000 177220 768388 33190747562 110764708
1005 499045 376436 381857298788 290001691
1000 728455 459244 327235817159 473654339
1066 995943 649821 81214236245 428793026
1000 428310 878284 674088496147 501133591
1015 509992 316100 141209571998 411156942
1000 981743 65781 224524527177 334129116
1049 405764 12773 185962439736 495121089
1010 898915 957118 385784870437 275523722
1000 269016 964306 831422174516 379748507
1069 92778 963441 687005725186 423936568
1000 409851 590151 599133798895 347149340
1000 410756 985681 767840631636 368345202
1000 598015 837494 360044689004 374197287
1032 583134 370269 105212921784 346071338
1031 192885 247706 651803141448 145738225
1000 993496 490970 786208925732 366382146
1085 154576 924404 49697703306 67267255
1000 697316 989940 675217495562 255417517
1000 132239 129740 567119452764 465737893
1060 528018 741119 423649783773 498741408
1000 342356 522762 588627536898 152254896
1071 373591 139323 940831185230 138762736
1078 298660 136012 113878635417 16940082
1000 442623 137195 935230049397 302214484
1000 106310 425000 826192731950 501139667
1087 817638 574037 857841776226 482541794
1000 446824 345253 201263707914 160940586
1018 475480 860483 990788948509 412710697
1000 212661 969943 730357525474 324642370
1000 742128 482277 30878391838 446085431
1035 274530 689925 686000392456 475162404
1000 217723 27416 221166948524 256627613
1032 885383 839938 700591696405 204022671
1071 386064 368626 684167088942 36536675
1030 437409 539009 69536057900 92909732
1056 284116 873624 153802755932 73288057
1098 131359 693420 933316074524 50767638
1000 719184 440788 883361636449 437928808
1034 885776 308614 133726670894 35657945
1000 407300 583014 901897076447 311953760
1000 844393 109152 166366795077 297223678
1075 269842 822585 569357314350 121423896
1000 517822 831374 908316296761 21289292
1000 767608 839186 678666634965 313243495
1000 261742 986777 360377986625 236895705
1053 894348 204754 22078193974 293787219
1000 183993 948692 865792774374 29797139
1000 977095 67843 8532764213 244556476
1000 998146 526280 250101468591 138925331
1000 918941 538915 45117650377 456607732
1058 548889 47291 956494749931 306645733
1000 379013 517616 68473269600 257753766
1056 574974 594161 662443237553 506308481
1073 616625 894146 797818087147 211724339
1137 341527 359150 299330534291 448376798
1000 189367 679004 769057190863 461907476
1000 375486 393161 932872255939 321206355
1000 70599 523352 634160442085 401139875
1000 351616 719111 898147685987 106475637
1107 882404 453196 532548733964 96624323
1104 673687 976090 333379330720 56061092
1000 772848 808326 900459356455 152984933
1000 513699 785395 877242188108 407099788
1093 743319 139973 139703533877 83445212
1148 668925 965413 921447318154 180047515
1052 48804 396516 73370265614 372150637
1036 21341 786383 210809747213 341700350
1000 442261 198541 713788263609 244356120
1129 871834 512405 317930913894 265383227
1032 441346 365794 939316854490 476501589
1029 913251 253637 600714592021 338158654
1159 351367 795385 17173021513 301795497
1134 20674 162268 923825140950 345114559
1000 374974 195590 390563090609 116453883
1000 863115 551268 66197830297 23908186
1093 397769 306467 380280630660 322948007
1000 184341 484107 487780038002 504180380
1133 261047 44580 8099352253 114257160
1000 753162 399919 981391612705 350861228
1000 902639 282869 928104485223 395781599
1000 573989 500183 585788096198 5788706
1000 326103 817530 367550687855 28466792
1163 303484 95137 185080769977 14198557
1013 527123 319196 540982617723 198893840
1000 701794 159233 93837235527 172331124
1000 204974 705730 36343669843 304788956
1070 61342 764590 489765263600 289350697
1027 68990 967537 308250533421 240082877
1019 372583 345790 390754675876 234482193
1000 591270 54668 294550131391 247535220
1100 206559 357704 51280117270 361763365
1003 416196 466375 646778171727 22937145
1000 814419 841798 461151725950 78953205
1039 313873 907906 199648886200 281029292
1107 931312 408255 89219800334 178853856
1000 669757 941331 8959478083 480576545
1000 74771 229616 52599496314 111701865
1061 235479 114205 675914714778 84682337
1000 884407 626311 609013820732 252551968
1076 394302 114961 930055943644 124783451
1083 661560 267650 491328504203 30879166
1119 221092 809331 978251068504 151879326
1186 395035 78750 448331484938 306351631
1008 726548 716418 501526010265 363316050
1000 263842 822289 787377352343 415455575
1019 244596 505152 576921100521 424981547
1000 613476 865697 485319648985 164209108
1000 772693 74150 163004759245 51650763
1094 244674 144713 735228668412 217177594
1028 650914 136124 940617365642 431912331
1000 329107 599574 153739002126 31498499
1136 271952 206511 496555387370 340530345
1000 336642 139611 921106558178 337417709
1051 897669 625429 256513553816 487843234
1085 178886 772446 94714768480 502408330
1022 242796 388801 969449310878 357698294
1054 697131 282694 566847457121 413318305
1018 285339 348392 765115995818 252407886
1194 648933 304914 832659772464 363162059
1000 859435 264702 41459218203 281108747
1206 814034 230082 582921613389 492741991
1000 53549 641402 985757295582 236226499
1000 836836 532289 124722740810 65712251
1000 535967 682247 740554652181 80665439
1000 791094 65211 476799308316 303995576
1000 30911 103491 248253552186 412725498
1025 955978 432857 858868094147 62086501
1000 936710 158894 765406572848 5202819
1166 303536 575759 89672973108 293968956
1000 920730 100784 542364334314 119424829
1084 605790 145921 636638029356 245381037
1000 530038 129942 40498423641 357483812
1141 388982 415691 237456549437 452999574
1037 682183 229436 936885262259 45725844
1000 828742 457369 242599847405 375909204
1041 750975 635213 375130484373 86203690
1009 187703 332752 398738826835 471775492
1046 352110 841870 948285738101 189878588
1000 968129 9608 203207913707 437993064
1000 232404 251501 164807675571 239021411
1000 867890 896864 827171887794 116595265
1000 990073 844706 611533147351 354128604
1000 13447 1527 352209162292 382949312
1245 34860 765999 463083877059 414054771
1232 669415 972248 318207383763 463384232
1186 854819 619096 223950747734 212215865
1000 164534 991694 824841650071 276818242
1000 672230 232905 938648731110 353269375
1229 211322 171137 609986548449 244447903
1208 314327 530135 775724499979 388128850
1000 344520 427190 597113714369 247146107
1066 711184 934112 343730476854 22375722
1091 97634 970280 43631119753 377509411
1000 694937 343990 967416276887 336980438
1000 714828 954183 394077924591 233180704
1221 58913 200442 668448137850 61520913
1181 218165 978237 452919521117 240529497
1189 434847 605838 802504503357 374848026
1198 752183 281790 696320279159 340058154
1064 809461 472255 701003986757 127479533
1012 746346 63195 140588620042 201266280
1072 199758 726888 189280593673 110903973
1000 681164 131583 487943322350 78976011
1000 11235 789682 656332435464 269796645
1000 926248 66501 195309643018 316849794
1000 542175 203622 588118377043 188030102
1160 991000 107040 144215662868 307449267
1028 628866 648861 541472728456 131408439
1000 294748 395214 99319431266 490793802
1000 365398 297058 58575646720 18467019
1060 164791 613882 881981730478 361282097
1000 267182 911426 929269077102 295566642
1020 477579 188980 120155706225 162669776
1187 353309 972262 383420917779 394896712
1145 521105 561337 343599401761 155916368
1000 629135 937854 394778298096 148447601
1000 666137 392895 350016145725 499052084
1275 345864 333021 564771816307 389799818
1000 880370 682348 97785099719 272682805
1137 398527 58857 266163643745 388186937
1118 11500 549416 187279243467 429060943
1000 650928 96209 191163160043 1523513
1000 528997 700360 865942131967 414713141
1135 191284 392032 552816400220 416376644
1000 169993 688641 346912313377 217653236
1000 198753 171310 31329661886 177376417
1000 60793 585723 521644566361 499268768
1122 250310 82884 488665936386 452704530
1000 932257 623984 263250045783 217984674
1000 523489 529727 674539384569 362418734
1000 112200 176580 779213699965 408716779
1236 346690 532321 631824995475 80772344
1150 519962 850595 439930969074 192653445
1266 552468 423167 528754525632 48661487
1288 656139 453529 849598331148 226295820
1156 989856 685646 59153950156 403960754
1000 549881 486111 785878477687 16867842
1000 774166 126391 410513778065 205238730
1000 683856 497709 666785070994 494184792
1000 538433 5471 176805294272 207647902
1194 327252 535996 166522325006 173028042
1009 157817 572242 714605436006 207754767
1063 905661 836321 958279498238 368075099
1000 12212 721271 758870805440 2936141
1019 18668 562507 589461541790 327548990
1000 25852 720600 854228494001 46111339
1000 574257 902174 46730034742 440347560
1000 360736 705305 391008279812 12780030
1208 386913 154381 348461608182 69044740
1008 799151 225335 10986999236 125130321
1029 33656 236637 524624090407 61403670
1000 250374 437441 631031328713 380105075
1202 203163 424738 324472189235 463490269
1000 576606 870183 825976652696 214294197
1000 408653 969207 933841705057 127492781
1163 792567 101010 447135935633 282699165
1099 672858 350792 765030025296 154882297
1276 498639 594151 456089041138 353076654
1004 233847 218430 577208186635 345339569
1107 956537 485313 23222680565 399152753
1155 46371 586719 50442569989 432072869
1000 702409 8925 88690215153 351151607
1000 189763 256127 340625253848 378723790
1212 157982 732048 344709674430 139152807
1000 802823 648455 15001408285 502893124
1018 933018 857339 91035372628 172399432
1000 211753 627410 543435684684 130139198
1231 834512 727677 378087768711 409715786
1000 862246 450919 673165120271 222819542
1000 190422 324966 308793848007 124757672
1000 184739 874131 187173680236 379734847
1215 688444 36047 839809197474 162710758
1054 823429 639700 622721675829 50162300
1209 149923 597965 694802405826 102482115
1124 509643 974490 600811118275 285242214
1196 179636 848726 227878195510 232831944
1000 961330 552706 727459824492 345774832
1036 311409 546603 478691302325 335126325
1000 892984 259846 427032678372 243762549
1000 719891 861683 302114740146 126037596
1114 530280 358580 984030486392 13446621
1045 659133 749148 48214678505 456708937
1037 17404 939184 312120130399 306267388
1000 290829 995620 742189556349 458362278
1000 687945 913382 89272177463 373041870
1298 431457 428855 984563406818 278595143
1000 922726 426137 86285088621 352617080
1000 50916 737929 849058138263 316524553
1205 950565 547475 62319636879 203234373
1000 783060 191781 82531453205 267805374
1000 525538 730617 480779018352 58102858
1000 125595 204395 791059892906 296781747
1000 913228 883723 913957364948 293376830
1000 975638 234420 319589570193 213267365
1184 929549 869825 426432673790 58350197
1000 500301 317443 53120300846 384289576
1078 931052 317663 675415383357 476166450
1077 185591 25721 790144082924 39089567
1299 1743 207638 605380947190 453380053
1000 730966 681246 417544752391 386417293
1000 778869 556015 187811720191 377178302
1000 284791 698615 544569759616 34707115
1000 876451 606411 552663454798 236220909
1263 830690 978600 251400682777 435349358
1000 85824 594285 239079157381 443434981
1057 183095 681331 397236225425 426601217
1010 357222 429569 240344946088 235656798
1000 752980 405020 943560183529 255252946
1086 343975 834475 347952134440 63879948
1000 16434 924831 726508986723 348297898
1143 262813 961896 901204358430 257556033
1316 583781 41403 118444616430 125256831
1320 295616 417363 511068634163 410822970
1000 991604 910123 383057966338 333424001
1000 495851 666466 940965386245 407883017
1254 79677 84663 340148313031 340269436
1000 305957 914569 143497130993 309935661
1054 26806 545230 487807175602 158830098
1000 478873 729504 481681626587 360742804
1378 113504 120262 646814178598 20543879
1000 599250 469495 850162510222 427447779
1000 272366 622234 923481219204 133091877
1000 340840 279141 155961966162 19643890
1318 700851 365371 472284007193 151724618
1000 124701 737527 661469121936 319487914
1000 600181 652974 686681773586 403669163
1000 734338 343604 151009926084 157899983
1220 804548 991190 736090976180 6898897
1000 78717 565384 584290617481 474939819
1000 849560 539480 915676802824 433514913
1000 421736 289550 511616051545 248941815
1000 453088 387123 251674362473 235666081
1233 786198 586616 480804283805 260730008
1000 697228 870113 485837393487 83574296
1207 997085 832107 541003215307 97317569
1303 60641 458705 505002418569 430645525
1000 916386 548104 308266019114 269512641
1000 118652 215680 126373587004 401721314
1000 768022 303590 870663274997 45434548
1000 763421 144713 132039513226 373656981
1000 217308 592265 432398911998 155177841
1101 464642 676567 714980096112 282335214
1000 790472 926749 753052786694 476399196
1000 619255 288289 782560998516 84514636
1391 659384 152084 507082050644 432039696
1383 993428 85294 79537353155 11887295
1211 611646 507777 744167746789 386554697
1241 263828 192378 886652092679 270211852
1188 294947 621556 730014288600 164952909
1000 387319 45372 414005224091 275933823
1000 535033 65967 720979886805 359643391
1353 267380 600953 582670581136 132950230
1000 875029 256545 956607070902 65349044
1164 512197 873179 307907771309 187964184
1000 99222 44788 425760312105 364196007
1202 155031 213694 99963395770 135279466
1206 515331 677132 69943648408 188415936
1000 59241 323474 675994774361 183096142
1000 520353 142416 119729452980 415111578
1367 210423 825979 847429450553 428107186
1000 480489 80818 464479156718 294284182
1000 703705 711242 553304617226 222863799
1118 650393 428512 688193887874 430333079
1000 912535 87280 229830236295 253203283
1000 805715 197260 296651403838 474255698
1004 305770 369703 715474581544 499871330
1000 606639 641445 247388006994 452140306
1025 2049 984477 906694132436 444333904
1329 206468 450095 299345775072 235661056
1000 565113 195561 255457026845 103575725
1409 508240 558536 999386466183 345920556
1026 474330 148699 823876173441 483245451
1000 289210 521720 862817307752 39066946
1182 475075 924605 941301738968 129109800
1000 802421 30716 376405261283 216643934
1247 113330 219061 980001284525 205225629
1000 207220 516264 271208584239 56594179
1000 294134 959835 943310284297 302319451
1000 922336 516002 228113526227 118618189
1036 21379 586767 245745161492 439552397
1326 428453 715250 255518526162 285859910
1000 605146 2036 274829220004 322104644
1292 646054 477579 334748027285 494599324
1331 977600 87068 193629178915 407673899
1000 657631 735526 403353247742 436774082
1160 636706 324071 978135667993 272134233
1163 316556 552434 894245552735 96360623
1000 695532 241089 510184329825 59718660
1324 772370 405654 542510897706 361329079
1000 490480 941259 460827493404 81814691
1000 352565 896940 157075575598 199041037
1415 145268 242450 723514993022 441425521
1021 471089 546811 282023380002 464637236
1000 806196 553343 720467455707 46260852
1000 540030 496370 895858623161 413419236
1076 770708 503192 166707739602 141787189
1000 539953 64266 12894001794 59930631
1440 865392 523602 172956776518 154559853
1000 297170 408682 754793986888 92503571
1057 826743 791362 631019128876 24334194
1249 252790 667492 948125506032 345033061
1158 619444 585702 176948545697 144313452
1336 703136 355402 881774903769 171343264
1273 76441 468545 841988763968 469341289
1344 411103 832159 594481912814 440034843
1000 859345 439220 893894258995 80219198
1000 295122 810613 814453305504 20778051
1310 598230 319172 422705914548 307144513
1000 922047 631432 359500650516 462884798
1215 698085 904042 847977728258 382662702
1451 99309 400690 640319158297 156810188
1411 270915 460455 700110253946 85671094
1000 814384 158037 587702669353 312599157
1000 783184 797246 597027672458 237143392
1000 749285 45457 559676510831 144222860
1000 287048 351916 843031449007 231218872
1245 56217 585024 575795352774 487243708
1000 33026 294156 979424438792 456316207
1000 446795 532404 663620292823 355185608
1236 273985 708074 466773841076 375993798
1153 492962 143184 238275042650 392749877
1000 250397 791350 756024545606 208553828
1161 97742 467756 424064025333 273728984
1000 680285 939334 692111077548 121807381
1328 512908 918082 239674552009 418183341
1000 366001 443805 883996019654 291286847
1144 501204 615508 481499243429 342940295
1000 330118 955194 654493834248 122187232
1000 753239 372070 747835411506 414989624
1466 651442 136227 522029413840 420785118
1179 372931 517457 793815536761 279739666
1492 946547 613512 403916746942 397322505
1173 558892 55423 365555924056 341629331
1196 97208 87540 293765529073 224755636
1128 119654 962411 987110343956 305088017
1145 478565 696045 833566549059 373983704
1234 463462 5276 678298178605 472594821
1028 161848 815500 434975953377 452913918
372 835700 175115 919443953352 91285765
719 545677 418353 458180090971 216387410
416 411249 113694 440102384546 40437582
98 216397 913124 810069088598 26175760
127 782984 254115 353534269303 1359796
812 271203 377239 231596386464 88797148
1198 251741 272633 360453605052 165698456
1118 142501 901202 758675408506 154637080
1203 382643 883651 603177137579 410915021
945 124133 36962 25504142366 456646972
1107 467144 884689 786354468703 396867051
379 348104 700911 720249073894 20467847
631 820066 660898 115738656363 294880724
332 986806 260753 27595526695 22650009
960 55852 962872 602824609514 137475073
652 298045 680775 429057753052 213140039
1437 655428 947080 497355157891 57768875
230 844499 11627 493451294657 41015735
665 520963 970544 192803484273 205744020
494 553088 703437 584849717539 198364336
907 269612 731870 904095375732 111506765
1472 785378 620919 193077750215 146650864
1452 413178 735055 480375841474 77978789
334 441810 755393 182729031257 139913783
48 739183 40725 46814109669 3297646
389 432295 826981 981859902927 90248856
723 259867 639636 601562834277 225397492
578 175389 333666 719614392148 102107218
483 906315 325284 297604329389 137277994
1392 872227 495034 360637458645 6638320
267 805879 741703 539992509115 23818497
123 936092 911073 532899134134 24446672
231 848378 75372 352599282549 73895080
13 561668 912224 414301613618 3787982
1323 108057 85416 304010353734 291157331
809 547004 187170 866673686076 247072642
727 409032 115037 89420482949 15806032
1347 25932 702734 831646196779 136881961
1441 851641 372912 646117875487 232140659
793 475872 821961 105970210592 386749734
1427 235519 343492 302911434865 285765480
559 830925 401160 508637316230 206264762
113 880204 483216 444831882126 7047825
639 398698 266254 431231771294 196647036
1532 883979 663456 734310267951 505483545
859 144535 221328 412848232704 132931035
1077 565050 918414 798314150508 94211041
615 515573 280486 346810272677 169523865
847 204514 117897 277670239026 312295597
68 100553 44057 693828542392 3478647
1377 257606 76541 824410163454 263500410
1153 621502 764871 111454173900 462984677
18 617789 687570 333572818281 3899009
1060 501688 389361 889032681709 214338399
735 983076 862224 849317699022 50579628
1157 625335 846324 277703870026 195116588
1291 274861 901760 123983001150 223901187
1391 247912 152655 512917254572 426522921
1448 794957 228717 774214255576 131974803
889 971325 435165 326715482935 270514214
1169 266965 397869 843572743531 370075471
1149 337584 785870 73693299121 280701334
102 547311 253909 304012456605 3464655
1539 940293 20158 905968791589 355304761
1280 527167 374600 446090570210 358178592
1508 306638 543403 86606259820 226601127
252 79012 697909 347614754122 73198014
93 971895 839163 261145170734 38298194
214 374419 289328 242101950172 5650907
1105 577644 823932 950479656622 188171278
897 823265 757721 246772720222 357424638
122 260740 42383 519096685188 4605844
530 506625 996106 377798709077 156666526
546 496517 524128 852061904944 164349657
1256 9849 182646 199843322771 274765134
320 865822 172623 137615633158 88879059
276 793161 974250 415368684896 1007603
1413 870429 890719 537574466201 369148885
39 353851 311537 354810497682 10702154
123 821258 974718 78331925063 30370298
1287 534067 486990 265196079010 159009264
502 130875 570091 531103745598 35219614
1294 891537 720944 59461178857 451372741
1421 930743 658375 291740227898 120347272
1552 499603 406989 621425237753 29317645
1192 182091 205459 392693471480 190903072
524 90266 780007 952096027280 51350740
597 352698 808163 899616051304 289875482
9 320730 146439 658513699278 3683312
577 314236 390392 474853525817 279895615
72 909684 420794 611492943936 33584513
3 67710 548157 749365220573 340283
1172 437017 671104 250406742701 194595042
1219 192698 610135 942905081725 110031712
608 230290 60948 598011373214 105065706
51 823566 448681 441658030231 3220404
417 866367 143528 222355932730 3095127
25 682334 174654 308445100050 6613010
438 480636 507510 191783641885 132199751
38 907648 877686 243980044335 8293893
716 116430 514325 241440894349 331153741
546 180196 524466 717054355444 39172857
1544 903054 592638 800285130659 207087417
1042 982668 879101 821677362361 106987579
318 576165 546174 985978138321 32283495
229 120536 153449 4664510104 72364421
613 43002 941289 353990763165 36421177
1211 567816 287458 340293948981 150703974
714 60333 514968 707035112130 58536738
1296 880174 557636 16310865017 447665149
1354 160102 65158 997782721951 321529083
795 876848 551758 827121636313 368662000
658 961248 818607 380796431209 71720585
433 810674 237202 14069593814 45003628
779 644201 727178 614471700576 349657601
1211 8655 962406 616344088123 227320114
924 446877 348970 271776913862 166853462
1156 252517 130009 949276444457 365182144
43 581551 485949 808147934848 868571
1281 299123 647923 449717748209 21391357
1576 706672 714985 674773709398 38460027
1423 8503 530787 469070577833 303383245
304 718592 495668 765309027727 82937376
433 498861 608146 162425157544 15942342
397 283344 487760 178463589376 1428865
838 872840 143607 439320140255 57019680
1607 262960 731255 217520323377 55396728
108 845416 707298 24159971284 3757641
460 82361 874967 296512825840 172594951
781 672430 680410 776555487670 269822419
173 844028 276793 374854408753 66528309
1410 633935 941898 877173969058 326612072
1577 335933 588854 530826127873 261714359
1461 536930 919872 44572564243 473636345
718 443478 303392 686006152255 142036949
860 181454 582768 97252366913 349878553
456 921409 160417 616604082787 6563624
1325 843218 547004 276605966270 363079257
175 297448 878717 476564745852 60744711
74 522479 155305 215277199201 11169739
310 980057 344720 844968184718 38543695
1054 398652 260773 92326184241 170662551
35 182258 495993 496261139797 11630647
1483 521471 415166 117960803104 139315796
192 736118 176488 951659906444 74866073
535 325825 756037 584735271518 267842004
1638 256255 1998 869701589313 250168960
393 296897 807165 917654557745 141606609
780 576301 660235 89668712822 242492265
31 941307 918068 226935839907 5233894
1386 823382 388437 64924154134 505009458
169 932928 721673 520668291603 19191730
819 135176 420213 878175388293 359073721
1574 898977 720553 955881297235 34059586
506 332644 384614 226994836111 22108574
81 36786 355616 181567765612 30230073
217 361378 213124 719324707783 73698250
67 202746 361774 748977741145 14728990
993 32929 845950 37099689789 275491524
302 398661 400438 72619451360 126388370
972 362646 756032 894929471768 414346044
1560 364663 189483 240470217592 433265593
1424 727693 467450 606316932078 146458080
941 321004 408149 608228341529 328692524
1408 300653 159160 407965530596 398649093
834 436041 786346 38805610104 103578221
126 75830 777183 329117709274 18355952
1195 489426 332080 599165457142 135592971
1383 309761 3967 275787269192 269653338
435 588179 884146 436710945770 185776022
285 325749 263735 581177947583 109592743
1332 708122 470785 564746264478 435117467
1330 421679 373830 820392730087 197051277
484 104456 556984 390097929770 184877304
1080 728220 720512 441548862965 432242090
970 751811 38333 420500655044 52051543
193 460629 43561 323861805749 87650305
1000 592551 949648 98134925129 48183638
316 764090 100054 400702988607 138152065
944 217358 61494 813557389951 415881486
1410 675995 128522 988475694020 297345400
258 784945 276281 690446498483 61852876
1488 188444 704814 938289613824 210884960
408 13340 390821 840133558069 14632915
1376 824800 263891 795992015654 76440614
1287 104354 675994 884056800546 373839283
1435 572465 687743 185463990428 238431781
526 980431 310485 733879228638 21321551
48 490535 599053 570083994772 13510233
995 679772 117086 123405461209 374823599
355 820667 764936 514243561981 13568721
131 238439 375188 944548561091 49992670
1018 428578 316854 872134158704 6568718
859 32230 233395 41078806486 1668675
1639 49488 74611 334963196426 178213143
12 459948 769675 821198175545 3468322
955 151978 629019 910372964582 479498079
1369 608490 383694 521225001211 336467151
210 822040 665925 558093554164 48763393
1568 122143 640368 44319301460 230708221
264 318105 203769 716721790710 37572559
223 206042 848197 608307667488 86525872
1396 995588 92341 773115650060 364373347
456 158850 268016 650368785962 157948657
1508 136116 794346 647326467847 2418832
951 609781 306773 347932777642 264621994
799 861236 798700 79691243546 258422180
1181 798276 324490 637302807283 104252664
1203 688167 611322 237569214466 322633479
1673 286279 865724 793293220419 27139431
93 594136 812090 699028758052 22938167
642 142072 490409 195942476212 273926458
1475 935198 273065 34402797025 183030543
530 361536 411535 861624187507 50498013
84 389606 54466 996186340982 25250308
227 219402 37711 316126942077 64952110
1493 892118 417031 913915934238 256236577
1699 887010 130780 807348558703 228533296
839 879307 586717 310772249699 44050480
1141 490010 976715 572330492847 290977447
1173 884297 874194 576969892182 350601745
928 609030 621772 208551150263 237027374
476 559197 937451 285100814310 54913290
662 578008 795928 83910807532 31445327
1115 139961 848372 624137511678 498761438
1374 688443 166840 58727977801 118422232
841 833010 25184 213415136947 363092517
1392 606487 454629 206247171956 64814556
1096 664358 509731 452117448106 17812745
799 92643 755684 917157733014 57321938
720 26474 309146 964520915911 241790890
269 597757 17577 540074529623 91599280
1559 767132 757243 243029638996 185771503
1454 59149 127699 108770589527 34462792
518 865924 359711 922369494416 110022882
188 641769 603958 745573363990 20641930
248 475587 579172 702882904830 21981378
1654 296559 40320 196297358368 38789501
729 264123 827445 541966018684 33509194
290 388479 871484 22152640299 22855943
1397 200438 551785 566936675605 370563925
1105 346882 325280 379566366268 192688423
1639 656432 648556 496636737736 141380136
1527 510274 716251 845737951751 22517292
1337 334129 682521 924472740075 179941607
1479 330639 112141 802840261523 499498756
31 358144 676590 775747182871 11961566
1085 986955 630939 605614253023 461522577
934 993369 794752 506705297178 167868517
738 738812 162965 562802605107 191179440
309 358778 559318 917450904263 145161054
1730 563447 981907 403800490335 201552601
18 978328 919140 472412610904 3907943
1513 784303 10323 467555740032 103569430
453 248271 70333 706811921764 76439470
1598 515215 748838 74993433652 1132523
193 459957 779917 472780817025 93965546
1241 624810 384210 895139437137 102829559
854 692985 796753 502772781895 24450024
662 344555 764600 732996343630 71239804
1080 571314 997592 580772683665 428704951
1246 521387 395501 870078951222 5329512
1571 254728 635506 309639214278 27915778
112 639262 148250 615968597838 32427959
101 40707 546325 807129015659 48831876
1077 709913 895547 419965629215 59302630
1481 415169 1451 861133308608 335199390
813 820217 520820 258792341233 185471575
535 214137 300068 648802632205 41846079
401 549193 925837 918366055943 54423832
1600 129533 399294 56355216676 11727864
153 989490 237360 850419943837 3693909
71 199728 55309 306229411468 19299218
1390 816118 74738 7071532284 361357082
1609 829089 983605 229371018993 260753706
1476 470589 559971 512762451888 425072619
338 340839 841854 722458391883 1669050
1507 719906 869497 64346829834 9249329
597 369062 24686 890416804258 167390298
361 664595 934755 879760766229 11481752
1622 349862 131052 787628382636 51609050
1267 645678 742705 756949719500 339882662
166 135533 295129 991746083564 78777837
1197 992966 42353 986923707618 286935292
977 182596 570823 730465419108 394224171
684 504038 70111 765804910555 204687898
951 204788 463900 747450671759 64982194
1184 503056 802994 942723570000 93859401
126 291064 693097 131575592961 43462835
1633 511483 336617 421462348533 35403283
822 213207 967208 768496676674 65006118
65 208659 191602 118212740274 15164241
1289 651615 857614 91766031038 55121624
211 445891 598932 7618213907 9104961
1723 70502 40462 61588902314 177561467
101 13508 7743 755679425696 30664096
43 870148 845074 276122267287 14241412
1181 994294 299337 414587166175 434585776
487 2297 669746 397385405777 13243947
178 258490 6861 275740178169 74766460
1031 366530 642504 804576370223 220550943
586 133293 557467 313676002826 130049942
194 459139 277664 740098864032 48726924
248 651558 221572 106077450671 111542410
1202 3723 922820 136216786490 126541555
1539 852005 292523 311844770083 1222843
1165 820298 962853 840117031950 490970815
1672 875774 127813 508311060219 123197902
228 98576 104401 698452287931 33386830
1631 944743 662306 2574993445 78388890
897 435207 825858 978532353673 150908794
861 817202 975250 783113339583 355680131
103 899431 639629 571804734062 2138062
703 390752 199668 793451048856 346607292
8 728689 51695 640832842916 2036907
294 482487 721086 116174761997 68967258
1778 592878 897349 765011747231 202269225
500 708854 283996 464266892812 254134076
937 866305 39289 876653512227 346690213
492 464072 317658 477592887502 35456382
1624 683869 986383 557431242298 394950337
1553 589119 321796 914613139421 290081808
113 785903 466569 79174204180 56136963
1625 77728 452337 979782600624 148631824
658 32832 416718 118123274038 101765624
128 362048 98917 399390809682 19851831
220 803734 84348 366810977995 15245592
1146 466112 232034 282063520921 348709654
1071 788590 952888 992048792421 201544279
1702 718787 950364 839822755877 47398097
612 189917 907772 885196465448 167886210
1177 438574 850429 251888527087 409792398
692 883424 696700 679898861845 339172723
252 209005 861140 456172451250 96378345
1063 777757 3767 773215925306 23888563
1252 540913 442787 681974269310 259435474
45 42108 526746 470622829804 3589550
308 246607 168757 612137329554 855351
1170 448184 895578 749692946292 410396073
1734 772228 666384 365292233996 88865654
972 257706 552911 46052589717 44697078
776 349778 844014 8893813398 222376566
332 793259 248567 346361164864 153692087
897 366879 7590 414959012584 378664831
825 831135 808638 996142412196 288383038
1494 216965 274233 741995425047 387860530
434 989484 65737 467659689770 98648141
1439 941652 774040 660679883449 349074925
1716 300520 337978 704030964556 36403504
1620 847789 649635 475588421266 355260092
159 339425 381908 139866756510 19252371
1283 137932 737785 422389422553 471448264
538 229485 518495 776241498477 135964570
579 501672 425625 13224031121 110469990
1709 471523 769356 789608758855 106395729
1082 571788 396293 46858586424 150446560
1539 81050 656765 944581191032 223884544
174 733172 319460 529985751933 82087287
801 799579 890163 992397466295 20009365
1075 987680 932316 306029225041 235587155
441 979001 508250 927988595289 110364375
1279 143179 50562 31445611419 263533739
1475 644309 824590 44031369367 8256314
1817 372136 966566 301235029004 5731844
237 666021 690416 111522067889 117716045
1753 642042 346885 485556721827 121415039
137 316865 596704 766011920308 62252808
205 635557 668202 923616621851 36780522
171 288039 827208 386330436813 26910302
1503 674864 505965 232834864213 48466129
153 730219 678718 285413491373 73165606
1827 515467 950344 773987145929 26676655
1696 420897 663907 173624693455 237235444
1499 540156 487674 485449631252 283882711
1269 10118 370328 185611732926 357864909
409 932967 204176 841479148532 140140989
646 756941 114531 173650656122 99515321
1654 927826 259276 817640520913 6387468
228 513448 267462 78984253074 107122340
196 493479 891127 447099374530 31214521
331 754802 903234 108822366902 10767003
1816 504475 531755 935337979364 146542815
859 687871 807058 808576896544 93176734
781 81393 533075 194184869362 366734591
946 281551 399706 48473576584 53910689
167 927200 900864 447872140291 72376691
209 197082 930992 751545212949 68262434
1286 101518 395010 636441909071 7136839
863 413279 126922 352249997120 111785332
1738 540250 852234 261973024610 71856917
757 983061 303736 998712774724 46785684
1256 699409 190685 366137106028 280841634
1422 410171 861808 797540802502 109495410
876 103204 809053 996226320586 306847662
366 837441 996204 89018423487 156748925
1502 740341 10503 650786097349 141531067
1706 924129 660263 993193402977 227490834
1603 252840 788551 978909252216 302839402
882 594326 365383 883863875719 440007455
1861 486937 349893 720770932837 25469228
1399 128118 658119 85571687287 357901810
1672 154026 239972 705428099975 74479020
837 404456 903034 239828744951 189539654
1540 371768 455191 134176191596 67456253
426 797263 615255 870052973449 128058819
1070 298157 724451 325842984008 320554392
864 998627 775736 899816416874 6635166
494 164326 905532 414720887313 166988690
920 790380 690924 604507596084 91499556
845 92904 99541 416306822168 287788358
268 604318 594072 43452867876 67471190
1177 86544 475121 56734576230 343585741
28 908111 228686 751812479048 10782275
140 850781 279617 107143734636 69486228
1086 808790 725912 33867133015 237636246
177 100638 200664 978213981130 55418022
1387 313799 609800 893991787216 155468622
1264 396703 7959 291592471727 410903783
84 957856 237952 18450691339 10247973
1523 606308 510229 887706348209 344994044
75 781245 810546 454765537934 27527317
1851 179360 541406 807873050371 138070904
1316 67017 558166 36487595779 178806953
228 264634 264089 858666081200 28288663
1618 461763 314753 968475270322 495050726
1912 327920 89379 168891636724 388367029
852 237020 143004 639000521336 105267137
1547 479970 872810 950512717638 24030461
201 196503 978769 472528025482 80896017
158 584758 657226 812676013518 42581094
759 6527 446503 334501594981 105457989
656 963240 213156 186211523598 62610186
924 162494 503715 746179284541 54011501
1071 403461 365594 838166437964 395943177
144 631379 824330 120374779412 43614205
132 467814 652758 540141949510 19691059
1255 326584 403041 82842296646 323810021
1224 854977 544972 919448976835 340903286
1421 94208 546918 8275492786 180741634
53 668583 103672 277417060095 22564880
292 981798 156964 144304294957 90098840
1820 97676 899651 236758577078 2703436
650 231647 528560 704354294034 187102948
1122 997440 732430 875633865082 174587489
730 671369 661776 118277797258 258229254
1741 713030 89990 911879625367 6105664
129 704276 723777 227690957371 19397317
580 818038 787396 342349532782 9609531
1517 695639 112497 232212991336 180143330
1778 938801 568457 517710795935 172069845
1447 493299 995364 214997923983 64382159
1500 127727 110719 5991310328 313679012
1118 265639 293065 809117652494 10071145
1316 373305 422644 143048344165 477171725
116 638981 50956 338126729376 14932526
1691 113640 245908 20040305856 378027
1877 550240 957788 535562360374 57020742
1288 628517 431377 298287781934 259719118
343 664824 163262 782569327480 36417088
1043 239795 154143 392674501018 461533165
92 710351 298781 387865922661 22340855
1681 142775 642971 972606544414 64518547
269 740677 377001 982219735087 52883098
801 350364 961268 589401043764 42755040
1449 475452 288102 725257150205 330869326
15 364070 991315 533357856609 1593537
29 907368 744680 368405991960 9405685
896 933873 788725 268714725060 234964005
143 125085 219215 592380543017 69549153
526 9101 841281 834093795191 16952659
445 187820 321273 24460436922 183808319
1763 425689 35734 116000688108 116456952
108 955750 747315 716765510420 1566134
1218 900450 246679 435181734136 29849842
1908 333576 643170 473188158879 279877290
1266 468847 372236 363816829323 91702717
1725 251523 983814 766914536312 36923440
410 262494 147287 803409215766 75992067
496 469032 56035 470161956062 203284057
1233 183757 130166 976877299484 289455794
163 616436 52509 578064597279 18778022
1681 312214 48153 521227962281 154753679
9 175089 811265 462338148018 1901394
1024 922061 807024 652708401665 399762696
508 766447 206019 983878324613 78758930
1950 388441 104791 825941544515 78328074
1198 628869 737486 421447509594 111119215
732 330056 85469 257501274159 24705286
1886 306141 837167 621803560746 116473011
583 491537 277455 435415959919 118937048
1652 724265 831938 479389022118 5360576
1902 332801 265465 271065400813 304075358
1059 569729 827572 436559633944 495366093
1567 979225 699618 751332161357 303359088
192 968767 348587 784847505499 65309275
597 437392 128720 584591018057 213578254
876 171567 76440 176538432885 157178060
1164 564295 813989 972470659475 287193563
