20 2
1 595431 0 3545381 595431
2 154087 25 0 170849
3 77016 86 0 782123
4 180999 12 1660623 948380
5 927727 0 27301085 1051700
6 149402 0 33306929 1167066
7 946649 48 2991155 2588304
8 19022 92 0 1070711
9 663052 0 46003818 1118009
10 836464 162335 167834728462 4029319
11 56248 195886 656934273302 2708478
12 931574 695553 75245182661 4302058
13 220214 457176 569848084360 2692074
14 184809 229257 509392491885 1234346
15 995776 639986 219707946172 4418641
16 72184 457701 643493310477 6025604
17 641226 741835 533117740478 800543
18 286625 634429 367357285230 2808092
19 485335 979405 866459871077 4997865
