2000 0
1 721571 0 5206648 200000000000
2 643793 28 0 200000000000
3 55710 105 0 200000000000
4 536152 93 0 200000000000
5 904453 0 81892067 200000000000
6 869691 1 135499851 200000000000
7 521321 28 76775800 200000000000
8 106084 0 189989196 200000000000
9 829328 85 8800300 200000000000
10 721242 54 102737553 200000000000
11 202191 135 0 200000000000
12 604754 137 0 200000000000
13 544923 39 274081180 200000000000
14 99236 114 27132655 200000000000
15 298191 0 586547667 200000000000
16 474744 82 162448719 200000000000
17 982752 146 32968455 200000000000
18 915754 41 630517452 200000000000
19 673864 46 703412171 200000000000
20 597594 78 547811256 200000000000
21 126912 82 537093971 200000000000
22 812497 207 34813351 200000000000
23 86416 200 54240299 200000000000
24 373718 200 73046028 200000000000
25 425867 109 588947344 200000000000
26 698803 203 135105050 200000000000
27 242992 229 68669084 200000000000
28 881839 235 101530809 200000000000
29 85415 205 228755239 200000000000
30 349962 56 1584481241 200000000000
31 792979 93 1328733374 200000000000
32 572833 91 1488908222 200000000000
33 769519 229 368821540 200000000000
34 990376 188 829748661 200000000000
35 913606 202 869898197 200000000000
36 684994 231 732948078 200000000000
37 424853 199 1120763597 200000000000
38 335395 299 350739158 200000000000
39 554738 312 339096096 200000000000
40 781609 164 1962384255 200000000000
41 494357 155 2235846997 200000000000
42 152262 215 1465360882 200000000000
43 191615 174 2056605139 200000000000
44 294787 205 1713448275 200000000000
45 660837 185 2176191923 200000000000
46 811122 267 1313663462 200000000000
47 134796 338 647560606 200000000000
48 67596 212 2078111118 200000000000
49 869003 351 694722682 200000000000
50 575296 320 1093860849 200000000000
51 690588 206 2838819589 200000000000
52 709174 270 2061052906 200000000000
53 285551 279 2015020878 200000000000
54 277058 270 2225800670 200000000000
55 902164 256 2730621297 200000000000
56 699762 393 1075834419 200000000000
57 81857 297 2327501860 200000000000
58 274908 363 1494751290 200000000000
59 464581 223 3879083095 200000000000
60 738109 391 1448043096 200000000000
61 185329 357 1936434730 200000000000
62 444522 380 1744259434 200000000000
63 244953 299 3065615034 200000000000
64 835615 274 3839286679 200000000000
65 804951 276 4120674790 200000000000
66 924328 372 2697334572 200000000000
67 548052 291 4417560058 200000000000
68 704908 456 1816197875 200000000000
69 138563 296 4671986192 200000000000
70 234074 346 3743490809 200000000000
71 689867 413 2785184808 200000000000
72 936545 405 3249104786 200000000000
73 408870 332 4877091060 200000000000
74 591621 407 3581695864 200000000000
75 385085 360 4689878199 200000000000
76 760726 321 5939823096 200000000000
77 179825 314 6200085300 200000000000
78 227016 363 5142023861 200000000000
79 959410 503 2768168794 200000000000
80 195261 482 3198141849 200000000000
81 868711 527 2723145881 200000000000
82 367617 507 3192233356 200000000000
83 627276 475 4038344407 200000000000
84 43040 447 4639627839 200000000000
85 214943 492 3804072583 200000000000
86 302912 393 6129145164 200000000000
87 269670 395 6212901391 200000000000
88 428531 541 3260203245 200000000000
89 415414 405 6386412636 200000000000
90 727219 515 4201886317 200000000000
91 947160 464 5757931225 200000000000
92 217669 380 8071603244 200000000000
93 338103 459 6151242816 200000000000
94 220381 535 4503004602 200000000000
95 649365 403 8106320488 200000000000
96 638040 502 5836824125 200000000000
97 774601 561 4832988457 200000000000
98 76831 484 6713460048 200000000000
99 493058 569 4908058835 200000000000
100 309618 506 6559847870 200000000000
101 530873 466 7921194165 200000000000
102 512945 578 5314720284 200000000000
103 819159 520 7169811797 200000000000
104 965806 481 8816456877 200000000000
105 176389 487 8742018315 200000000000
106 405460 527 7825552157 200000000000
107 108381 592 6165916175 200000000000
108 397657 489 9228391356 200000000000
109 534463 513 8829204514 200000000000
110 282896 653 5288624229 200000000000
111 488821 500 9694890968 200000000000
112 434705 486 10413501865 200000000000
113 728489 644 6300006692 200000000000
114 771182 667 6111247622 200000000000
115 408395 556 9412216651 200000000000
116 781517 566 9585630134 200000000000
117 292387 553 10177763434 200000000000
118 758771 635 8157914654 200000000000
119 735012 546 11388433217 200000000000
120 825108 588 10544374799 200000000000
121 233813 679 7927381655 200000000000
122 644700 690 7979417909 200000000000
123 308331 669 8766707182 200000000000
124 917923 610 11206925849 200000000000
125 531839 623 11127168454 200000000000
126 821612 715 8749687979 200000000000
127 320174 745 8065850913 200000000000
128 369666 755 7990382113 200000000000
129 794879 637 12225536135 200000000000
130 604938 641 12510146202 200000000000
131 540452 752 9216930051 200000000000
132 188176 582 15247498554 200000000000
133 86520 715 10552573241 200000000000
134 943059 642 13747852711 200000000000
135 884796 674 13221131429 200000000000
136 979244 780 10266334211 200000000000
137 578093 737 12089408192 200000000000
138 984583 812 10243192531 200000000000
139 62231 784 11200489271 200000000000
140 784582 818 10596146994 200000000000
141 592944 831 10558516400 200000000000
142 874824 649 18036642119 200000000000
143 559296 802 12515603383 200000000000
144 451369 760 14386265851 200000000000
145 719580 847 11763430025 200000000000
146 806401 743 16245551498 200000000000
147 778106 713 18134182867 200000000000
148 795184 789 15665070416 200000000000
149 950270 748 18130335492 200000000000
150 964896 718 20289146991 200000000000
151 782861 776 18427597029 200000000000
152 910251 843 16392328883 200000000000
153 335058 912 13967231181 200000000000
154 953664 748 21647119777 200000000000
155 87076 740 22101617038 200000000000
156 212410 860 16995605263 200000000000
157 641339 791 20536479935 200000000000
158 32110 749 22514370921 200000000000
159 446685 780 21478869653 200000000000
160 962022 895 17270743669 200000000000
161 592607 849 19757076649 200000000000
162 192072 890 18141403836 200000000000
163 319915 826 21261629888 200000000000
164 689636 907 18277362483 200000000000
165 24874 791 23597369099 200000000000
166 529069 957 16651461244 200000000000
167 887255 830 23081019507 200000000000
168 634669 822 24086005628 200000000000
169 663287 900 21014346616 200000000000
170 703062 897 21803553571 200000000000
171 617031 831 25614796713 200000000000
172 159144 823 26183444208 200000000000
173 593088 1013 17862314223 200000000000
174 368596 873 24633413962 200000000000
175 429812 868 25312914883 200000000000
176 452239 899 24220428712 200000000000
177 245990 1000 19722907143 200000000000
178 521409 949 22545297054 200000000000
179 339225 889 25827851951 200000000000
180 773784 1016 20470890268 200000000000
181 503743 982 22513492732 200000000000
182 874201 902 27376811155 200000000000
183 347420 938 25876971986 200000000000
184 79161 1001 22847858344 200000000000
185 331156 955 25432446059 200000000000
186 864333 1015 23323785103 200000000000
187 357572 913 28893144803 200000000000
188 701344 1059 22234547058 200000000000
189 603215 974 27047277313 200000000000
190 370479 926 30005757343 200000000000
191 903958 1046 24681335035 200000000000
192 153312 965 29034950709 200000000000
193 455367 1020 26615384120 200000000000
194 514712 1019 27201306127 200000000000
195 116333 1050 25725652628 200000000000
196 138687 992 28900114508 200000000000
197 340502 1135 22043087002 200000000000
198 200421 999 29106846330 200000000000
199 460103 1101 24315196126 200000000000
200 517926 1058 27017862807 200000000000
201 454298 1105 25083091109 200000000000
202 863701 974 33058821924 200000000000
203 460958 1116 25864939792 200000000000
204 4366 1023 30815462146 200000000000
205 830166 1020 31913776086 200000000000
206 355591 1052 30523031912 200000000000
207 66322 1055 30430946450 200000000000
208 331866 1125 27035840569 200000000000
209 5164 1049 31136769762 200000000000
210 731950 1105 28872476623 200000000000
211 570998 1176 25758896844 200000000000
212 177242 1130 28335851622 200000000000
213 78737 1021 34527443093 200000000000
214 106323 1194 25216791676 200000000000
215 152981 1176 26284607909 200000000000
216 794440 1100 31207531659 200000000000
217 704506 1042 35364780494 200000000000
218 970056 1112 32419928885 200000000000
219 391045 1038 37246046093 200000000000
220 152911 1054 36460376379 200000000000
221 789088 1063 36869691412 200000000000
222 243818 1091 35480211131 200000000000
223 761558 1140 33496504087 200000000000
224 532007 1208 30259766284 200000000000
225 593751 1079 38505364888 200000000000
226 651210 1200 32095680172 200000000000
227 50524 1098 38197831004 200000000000
228 432930 1201 32588983336 200000000000
229 658860 1248 30686550884 200000000000
230 802812 1267 30523712072 200000000000
231 531086 1131 39162710894 200000000000
232 716311 1272 31635190162 200000000000
233 851695 1232 34925145276 200000000000
234 837358 1196 38112092468 200000000000
235 155067 1248 35152831222 200000000000
236 678883 1169 40856933067 200000000000
237 950952 1230 38216217235 200000000000
238 501858 1181 41953992385 200000000000
239 967901 1237 39614614862 200000000000
240 523442 1212 41877655682 200000000000
241 114309 1173 44592584217 200000000000
242 497393 1286 37976327718 200000000000
243 458138 1262 40047905811 200000000000
244 513606 1207 44285062955 200000000000
245 4756 1185 45767645712 200000000000
246 499896 1210 44758002720 200000000000
247 594490 1273 41403234650 200000000000
248 260301 1274 41674620175 200000000000
249 760994 1366 36866070873 200000000000
250 612833 1384 36518211694 200000000000
251 882680 1299 42983601607 200000000000
252 353185 1385 37965471373 200000000000
253 607511 1346 41182467891 200000000000
254 826159 1403 38625949306 200000000000
255 673654 1318 44988390037 200000000000
256 906162 1403 40614613693 200000000000
257 22139 1427 39126538138 200000000000
258 707469 1440 39197757211 200000000000
259 373861 1275 50741064453 200000000000
260 97929 1340 46349955995 200000000000
261 487355 1440 40407984033 200000000000
262 664873 1444 41000970604 200000000000
263 104307 1306 50463379842 200000000000
264 490539 1414 43728120030 200000000000
265 456666 1321 50743948486 200000000000
266 383517 1423 44246739685 200000000000
267 714220 1370 48834978870 200000000000
268 897723 1303 54952618628 200000000000
269 788868 1406 48676741084 200000000000
270 538180 1324 55364141314 200000000000
271 776068 1417 49749191584 200000000000
272 362365 1491 45151300865 200000000000
273 995613 1524 44276780869 200000000000
274 448710 1400 53567804661 200000000000
275 635862 1441 51515979964 200000000000
276 113728 1450 51036121410 200000000000
277 682068 1471 50511790300 200000000000
278 119085 1438 53057039713 200000000000
279 851907 1425 55267949497 200000000000
280 979815 1537 48611899996 200000000000
281 205330 1566 46892119008 200000000000
282 902558 1516 51667763809 200000000000
283 487060 1395 61492015897 200000000000
284 29186 1553 49767931201 200000000000
285 253821 1559 49702364188 200000000000
286 936301 1492 55929600393 200000000000
287 154865 1538 52767457047 200000000000
288 128904 1473 57790842833 200000000000
289 356759 1455 59717751700 200000000000
290 242393 1582 50651210862 200000000000
291 27946 1402 64316608996 200000000000
292 865415 1519 56570040039 200000000000
293 90463 1469 60533881880 200000000000
294 870187 1614 51012864863 200000000000
295 944407 1598 53535669813 200000000000
296 921393 1548 58659498819 200000000000
297 434153 1615 54277707231 200000000000
298 917546 1573 58813975138 200000000000
299 631293 1502 65403290244 200000000000
300 592370 1517 65148841245 200000000000
301 729131 1651 55866582786 200000000000
302 974601 1630 58933667893 200000000000
303 606699 1572 64439905505 200000000000
304 127660 1605 62019561597 200000000000
305 614752 1606 62911973688 200000000000
306 288607 1627 61709531957 200000000000
307 50562 1501 72091619383 200000000000
308 289024 1532 69966354437 200000000000
309 32294 1586 65573960316 200000000000
310 55373 1575 66558015867 200000000000
311 831789 1563 68915435500 200000000000
312 353368 1515 73562429046 200000000000
313 708216 1712 58716247072 200000000000
314 136413 1553 71763159793 200000000000
315 488170 1566 71489570807 200000000000
316 506681 1674 63453794345 200000000000
317 384698 1587 71220605412 200000000000
318 280354 1611 69676300377 200000000000
319 143600 1557 74504533081 200000000000
320 67330 1620 69279279896 200000000000
321 118383 1726 60922047100 200000000000
322 964569 1583 74247625307 200000000000
323 4029 1682 65968718001 200000000000
324 602926 1714 64357811537 200000000000
325 914906 1589 76366617284 200000000000
326 425540 1655 71426960620 200000000000
327 566869 1726 66473717286 200000000000
328 661889 1708 69044944333 200000000000
329 45905 1782 63103913267 200000000000
330 630480 1762 65722946310 200000000000
331 12563 1688 71880001446 200000000000
332 900717 1615 79803416323 200000000000
333 730550 1710 72783730172 200000000000
334 40820 1679 75523637588 200000000000
335 132103 1733 71125727403 200000000000
336 256915 1737 71222362986 200000000000
337 105477 1649 79029676019 200000000000
338 950565 1718 74646897364 200000000000
339 257134 1637 82276603118 200000000000
340 111794 1654 80942961721 200000000000
341 440720 1741 74061579086 200000000000
342 752523 1772 72695323174 200000000000
343 307081 1720 77736162409 200000000000
344 168857 1772 73509172776 200000000000
345 853119 1849 68459948209 200000000000
346 671198 1800 73722213931 200000000000
347 274453 1707 82421484395 200000000000
348 581687 1765 78265659408 200000000000
349 586133 1676 87430005263 200000000000
350 567997 1827 74860352297 200000000000
351 295748 1836 74593392445 200000000000
352 866323 1823 77235316561 200000000000
353 886564 1863 75291422147 200000000000
354 829710 1742 87704050480 200000000000
355 596767 1856 78405950814 200000000000
356 208812 1817 82275819925 200000000000
357 929882 1791 86370818393 200000000000
358 262445 1925 74819219722 200000000000
359 490519 1747 91946706862 200000000000
360 939129 1895 79973332014 200000000000
361 388830 1892 80939936876 200000000000
362 450428 1939 77556799723 200000000000
363 269738 1887 82695326727 200000000000
364 483772 1920 80587878727 200000000000
365 30596 1758 95846351375 200000000000
366 78233 1808 91163033127 200000000000
367 793574 1830 90579295379 200000000000
368 887688 1931 82829755440 200000000000
369 555050 1893 87358178469 200000000000
370 170960 1837 92999754647 200000000000
371 972098 1962 83099498579 200000000000
372 783980 1936 86941830580 200000000000
373 807679 1869 94868528988 200000000000
374 534051 1926 90410330205 200000000000
375 926437 1889 95767950939 200000000000
376 806761 1997 86988311391 200000000000
377 653020 1895 98051035679 200000000000
378 74117 1964 91479669874 200000000000
379 533514 1848 103996124676 200000000000
380 567021 1886 101295129157 200000000000
381 19871 1955 94508361137 200000000000
382 553065 1972 93930154748 200000000000
383 426209 2034 88819817894 200000000000
384 59589 1874 104661647374 200000000000
385 592490 1878 105465905020 200000000000
386 984524 2048 90594418007 200000000000
387 628500 1957 100720874485 200000000000
388 485318 1969 100490090973 200000000000
389 700603 2008 98000630862 200000000000
390 912872 2101 90741683449 200000000000
391 135833 1978 103112474175 200000000000
392 910181 2027 100008451840 200000000000
393 436041 1931 110755918848 200000000000
394 696722 2004 104626947692 200000000000
395 196597 2122 93284513689 200000000000
396 909622 1944 113195439880 200000000000
397 323658 1954 112820964974 200000000000
398 292272 1983 110374893906 200000000000
399 370102 1971 112421419466 200000000000
400 492518 2096 100544936359 200000000000
401 816180 2067 105141047144 200000000000
402 402000 2045 108243726270 200000000000
403 722210 2016 112810905538 200000000000
404 644711 1996 116330897439 200000000000
405 127867 2113 104314776478 200000000000
406 218083 1998 116862559750 200000000000
407 766151 2033 114744411862 200000000000
408 304007 2184 99746366575 200000000000
409 918129 2109 109289046696 200000000000
410 924151 2153 106637630059 200000000000
411 344525 2159 106729843691 200000000000
412 270384 2185 104612350414 200000000000
413 483136 2107 113771367207 200000000000
414 778924 2083 118031672185 200000000000
415 507229 2212 105471825321 200000000000
416 713820 2081 120919789898 200000000000
417 251102 2227 105913955707 200000000000
418 767183 2068 124616841785 200000000000
419 921706 2142 118489581765 200000000000
420 589213 2076 127109380522 200000000000
421 435518 2122 122940008919 200000000000
422 621074 2265 108887758948 200000000000
423 933968 2285 108750093938 200000000000
424 843863 2258 113374066618 200000000000
425 644532 2207 120278239489 200000000000
426 363710 2164 125855854046 200000000000
427 633712 2264 116249697428 200000000000
428 684961 2156 129741594681 200000000000
429 678762 2236 122285330106 200000000000
430 780599 2204 127607441182 200000000000
431 659497 2182 131613613557 200000000000
432 50118 2224 126951267088 200000000000
433 799086 2268 123814105738 200000000000
434 164057 2337 116610191500 200000000000
435 875200 2179 136332460769 200000000000
436 919118 2198 136260362047 200000000000
437 580003 2316 124122847163 200000000000
438 141510 2364 119140278179 200000000000
439 518504 2344 122479848639 200000000000
440 336969 2350 122560851711 200000000000
441 31766 2185 141583982971 200000000000
442 75179 2315 126707131593 200000000000
443 474410 2277 132109631413 200000000000
444 298902 2340 125636690425 200000000000
445 110413 2354 124318551771 200000000000
446 2849 2226 139006020238 200000000000
447 468316 2292 132408984050 200000000000
448 663906 2349 127425511592 200000000000
449 659845 2240 141591923300 200000000000
450 462911 2344 130544520068 200000000000
451 705901 2296 137738328893 200000000000
452 119721 2313 136029000040 200000000000
453 67064 2415 124542858994 200000000000
454 11637 2242 144623765584 200000000000
455 362546 2228 147192339412 200000000000
456 356802 2237 146965776298 200000000000
457 466057 2272 143869274273 200000000000
458 939267 2350 136854242361 200000000000
459 771960 2451 127028471922 200000000000
460 518961 2379 136482851036 200000000000
461 718858 2435 131663821162 200000000000
462 23169 2285 149494557282 200000000000
463 275368 2453 130286391014 200000000000
464 264248 2447 131578461967 200000000000
465 440316 2345 144595623235 200000000000
466 726311 2317 149754420676 200000000000
467 103360 2467 132198577427 200000000000
468 195757 2483 130811674329 200000000000
469 468546 2448 135936811710 200000000000
470 901754 2486 133616754610 200000000000
471 301396 2468 136410883450 200000000000
472 795834 2432 142541902429 200000000000
473 173557 2319 156786652279 200000000000
474 169217 2496 135801043039 200000000000
475 569042 2473 139836825047 200000000000
476 428621 2485 139430264944 200000000000
477 249949 2481 140496212374 200000000000
478 414478 2413 149684912379 200000000000
479 587723 2355 158340721157 200000000000
480 400671 2478 144202064018 200000000000
481 44541 2432 149887897673 200000000000
482 547889 2455 148415802672 200000000000
483 491024 2353 162352343665 200000000000
484 411735 2511 143830407983 200000000000
485 9914 2424 154477155556 200000000000
486 229726 2388 159564214738 200000000000
487 928858 2529 144475249631 200000000000
488 98413 2528 144832290015 200000000000
489 356820 2419 159145434703 200000000000
490 747177 2463 155501322967 200000000000
491 80972 2504 150629487879 200000000000
492 856361 2511 151874958276 200000000000
493 580648 2526 151457913822 200000000000
494 771438 2447 163302083261 200000000000
495 946518 2553 152364394887 200000000000
496 598851 2600 148071205591 200000000000
497 247640 2487 162771551831 200000000000
498 355382 2569 153358365698 200000000000
499 512943 2454 169261710756 200000000000
500 846991 2511 164090903807 200000000000
501 755436 2562 159525547442 200000000000
502 387304 2574 158987814913 200000000000
503 212595 2592 157260030350 200000000000
504 15090 2614 154550506414 200000000000
505 921440 2519 168973721916 200000000000
506 389967 2489 173921823017 200000000000
507 641856 2638 156427747722 200000000000
508 473766 2563 167173108454 200000000000
509 3154 2570 166276919386 200000000000
510 905036 2560 169920803106 200000000000
511 119002 2501 178015429469 200000000000
512 761832 2564 171700390972 200000000000
513 188923 2561 172589754757 200000000000
514 827220 2691 158006501497 200000000000
515 604718 2515 182534300060 200000000000
516 807182 2541 181205169205 200000000000
517 411539 2590 175758723602 200000000000
518 357412 2650 168821551475 200000000000
519 118994 2542 183467975794 200000000000
520 977417 2598 178563463968 200000000000
521 850312 2609 179367654847 200000000000
522 688225 2733 164907529013 200000000000
523 170634 2717 167409382120 200000000000
524 552445 2693 171975744068 200000000000
525 767866 2622 183486511832 200000000000
526 19350 2667 177492238256 200000000000
527 742842 2685 177073937369 200000000000
528 668972 2716 174737614956 200000000000
529 897963 2692 180328699050 200000000000
530 687012 2625 191333500255 200000000000
531 83768 2614 193091041670 200000000000
532 365825 2607 195085558421 200000000000
533 150113 2774 172851120489 200000000000
534 457325 2642 191906775036 200000000000
535 938366 2669 190766544970 200000000000
536 572717 2691 189314580872 200000000000
537 505147 2785 177947040010 200000000000
538 869222 2731 187596446940 200000000000
539 224261 2680 195273356510 200000000000
540 812447 2793 181986084995 200000000000
541 340747 2711 194166028501 200000000000
542 836720 2818 181790950020 200000000000
543 557464 2685 201745744745 200000000000
544 529766 2699 201263643277 200000000000
545 629161 2824 185630977551 200000000000
546 762518 2714 203088265514 200000000000
547 956197 2702 207548097288 200000000000
548 101367 2751 200835991415 200000000000
549 490957 2769 199678394831 200000000000
550 909724 2779 200836970902 200000000000
551 522256 2881 188072582590 200000000000
552 246092 2723 211079259453 200000000000
553 362141 2885 189193105941 200000000000
554 413010 2758 208255663044 200000000000
555 420302 2903 189008983358 200000000000
556 653209 2848 198482852478 200000000000
557 767433 2799 207653114032 200000000000
558 344401 2845 202052979097 200000000000
559 142189 2854 201181240478 200000000000
560 720870 2849 203943967169 200000000000
561 996731 2814 211865347205 200000000000
562 640538 2780 218733014947 200000000000
563 129426 2842 210034037399 200000000000
564 265075 2842 210803064939 200000000000
565 540839 2815 216330525897 200000000000
566 690117 2868 210603435519 200000000000
567 15175 2934 201177710592 200000000000
568 858867 2893 209514086373 200000000000
569 3830 2993 195300193144 200000000000
570 513605 2989 197299773507 200000000000
571 244842 2997 196863859277 200000000000
572 171128 2862 216764945922 200000000000
573 632282 2965 203666276129 200000000000
574 522408 2841 223304612514 200000000000
575 263246 2889 216964821877 200000000000
576 666578 2844 225640202110 200000000000
577 172352 2971 207464423560 200000000000
578 683002 2878 223111832232 200000000000
579 138212 3020 202798700373 200000000000
580 469619 2850 229149745138 200000000000
581 339434 2946 215843294213 200000000000
582 765493 3037 204867082475 200000000000
583 967178 2946 220964476786 200000000000
584 276296 2944 222084279984 200000000000
585 98891 2919 226123364268 200000000000
586 250250 3052 207284844523 200000000000
587 849548 2911 230657741429 200000000000
588 446400 2961 224462016812 200000000000
589 799469 3057 212634481562 200000000000
590 882371 3013 221718157598 200000000000
591 93818 3054 215930704629 200000000000
592 800580 3009 224990314978 200000000000
593 68138 2966 231693915875 200000000000
594 692686 3052 220840213409 200000000000
595 516184 3019 227327105600 200000000000
596 230460 2968 235789257214 200000000000
597 114018 3040 225204898655 200000000000
598 811351 3010 232195277579 200000000000
599 364405 3054 226633878249 200000000000
600 48581 3008 233761586747 200000000000
601 560733 3115 219345690653 200000000000
602 31517 2970 241444715323 200000000000
603 608118 3027 234527813926 200000000000
604 171965 3121 220864137051 200000000000
605 989407 2974 246346251844 200000000000
606 198915 3055 234405275400 200000000000
607 564997 3103 228820692849 200000000000
608 9906 2973 248939300525 200000000000
609 559715 3005 245667830148 200000000000
610 181545 3068 236449459085 200000000000
611 61746 3003 246745003754 200000000000
612 752495 3164 224351613656 200000000000
613 233163 3035 244817492589 200000000000
614 61448 3128 230670035859 200000000000
615 466354 3057 243031086659 200000000000
616 319455 3097 237818226054 200000000000
617 82802 3020 250104321546 200000000000
618 620766 3083 242168487097 200000000000
619 239891 3039 249821779038 200000000000
620 447360 3006 256496144102 200000000000
621 992318 3188 231183303883 200000000000
622 493747 3029 257573337120 200000000000
623 14636 3034 256817005574 200000000000
624 536898 3168 237445025561 200000000000
625 167130 3127 244326758315 200000000000
626 610513 3051 258308048222 200000000000
627 73405 3124 246940646085 200000000000
628 788282 3118 250373286046 200000000000
629 415542 3208 237614291546 200000000000
630 740006 3137 251023433138 200000000000
631 978908 3184 246698010494 200000000000
632 506974 3137 255753898605 200000000000
633 593545 3139 257334551259 200000000000
634 412291 3103 264482087476 200000000000
635 738106 3236 245602239180 200000000000
636 770000 3205 252928535504 200000000000
637 394485 3261 245334675977 200000000000
638 493107 3301 240636517537 200000000000
639 206203 3118 270540158159 200000000000
640 912287 3214 257900907605 200000000000
641 725102 3227 258143239616 200000000000
642 922180 3166 271065377074 200000000000
643 696744 3304 251023893412 200000000000
644 426907 3308 251743494385 200000000000
645 680407 3273 259514914805 200000000000
646 894483 3231 269252567027 200000000000
647 559727 3357 250743747360 200000000000
648 680563 3343 255134891875 200000000000
649 303287 3175 283695765824 200000000000
650 161699 3343 256622493305 200000000000
651 838947 3277 270054545585 200000000000
652 449519 3316 265145437833 200000000000
653 728086 3257 277259144507 200000000000
654 933988 3399 257104987783 200000000000
655 510645 3322 271279159191 200000000000
656 6889 3324 270972075959 200000000000
657 69981 3230 286904333268 200000000000
658 803660 3254 285563016757 200000000000
659 201180 3356 269246564585 200000000000
660 914821 3422 261475782408 200000000000
661 137575 3329 277186831977 200000000000
662 795218 3351 276173620676 200000000000
663 953326 3258 295112132011 200000000000
664 530029 3312 287702953793 200000000000
665 237375 3357 280916673102 200000000000
666 94337 3450 265853084347 200000000000
667 599646 3438 269777958888 200000000000
668 684040 3417 275505932943 200000000000
669 924092 3459 271615876223 200000000000
670 480388 3330 294938923526 200000000000
671 537369 3459 274980920479 200000000000
672 813613 3357 294943442277 200000000000
673 391120 3422 285205414819 200000000000
674 618586 3340 301365459129 200000000000
675 47421 3310 306761954762 200000000000
676 549676 3356 300661645464 200000000000
677 320347 3377 298135635439 200000000000
678 866331 3446 289281102118 200000000000
679 262312 3377 302045946593 200000000000
680 279708 3380 302497644748 200000000000
681 308192 3380 303570638452 200000000000
682 100967 3363 306892748999 200000000000
683 356151 3473 289135524167 200000000000
684 930886 3430 299708138174 200000000000
685 248915 3369 311239397226 200000000000
686 957161 3382 312324096461 200000000000
687 90007 3473 296758593673 200000000000
688 198968 3555 283470694570 200000000000
689 640461 3433 306621553674 200000000000
690 517185 3499 296953548756 200000000000
691 155150 3499 297488509510 200000000000
692 472826 3574 286290515012 200000000000
693 681594 3394 319990311102 200000000000
694 61689 3404 318425433008 200000000000
695 205650 3514 299810621903 200000000000
696 617231 3483 307362990917 200000000000
697 314948 3415 320526885958 200000000000
698 61825 3415 320748298063 200000000000
699 207257 3511 304507600276 200000000000
700 542442 3461 315219330754 200000000000
701 791805 3580 297169273466 200000000000
702 38134 3428 324086815239 200000000000
703 451249 3425 326255242435 200000000000
704 453283 3550 305650195324 200000000000
705 306160 3427 328641834231 200000000000
706 999205 3485 321786192963 200000000000
707 883455 3574 309116721446 200000000000
708 918096 3560 314833647870 200000000000
709 232185 3653 299351335271 200000000000
710 373495 3596 310609632730 200000000000
711 327118 3564 317439659654 200000000000
712 173933 3607 310435662263 200000000000
713 921750 3636 308577989362 200000000000
714 871301 3521 332279417452 200000000000
715 389769 3498 337915902783 200000000000
716 870630 3674 309391022236 200000000000
717 816453 3558 333107034654 200000000000
718 91821 3651 316676305492 200000000000
719 27200 3654 316239418919 200000000000
720 571766 3608 326534477860 200000000000
721 361011 3565 335673634128 200000000000
722 505667 3560 338448223846 200000000000
723 6391 3622 327160876076 200000000000
724 600195 3526 346988159998 200000000000
725 466668 3582 338349942199 200000000000
726 240783 3696 318563857517 200000000000
727 86322 3674 322811059577 200000000000
728 439471 3605 336939808880 200000000000
729 225020 3681 323944103369 200000000000
730 64082 3621 335067016294 200000000000
731 872282 3664 330406520326 200000000000
732 403254 3611 341599210715 200000000000
733 808331 3731 322678080307 200000000000
734 941223 3621 346233297777 200000000000
735 534953 3758 323131231186 200000000000
736 687488 3686 338729634507 200000000000
737 620552 3671 343792495305 200000000000
738 652030 3756 330579872061 200000000000
739 245542 3651 350866260177 200000000000
740 1052 3648 351432339494 200000000000
741 688968 3737 337472293829 200000000000
742 242220 3763 333597409732 200000000000
743 986942 3664 355637112002 200000000000
744 898312 3648 362071366232 200000000000
745 859533 3660 363059230894 200000000000
746 280805 3682 359944642124 200000000000
747 790413 3843 332925379501 200000000000
748 994969 3812 342277007749 200000000000
749 446327 3745 356467767537 200000000000
750 455123 3715 363889647468 200000000000
751 993793 3772 356841365468 200000000000
752 25868 3722 366448526612 200000000000
753 379064 3766 359510584907 200000000000
754 489589 3850 345577455571 200000000000
755 503112 3745 367297581084 200000000000
756 258220 3860 346549974295 200000000000
757 51148 3759 365802502927 200000000000
758 100250 3828 353101539597 200000000000
759 374386 3877 345344052433 200000000000
760 365323 3880 346144564285 200000000000
761 316075 3896 344346252771 200000000000
762 630329 3761 372281839004 200000000000
763 76048 3730 378582814513 200000000000
764 59982 3843 357142104320 200000000000
765 812993 3847 359463000522 200000000000
766 371108 3902 350498900498 200000000000
767 854693 3757 381501832718 200000000000
768 351848 3746 385032987878 200000000000
769 604449 3937 350726843887 200000000000
770 59638 3780 380978334959 200000000000
771 240038 3923 354481596711 200000000000
772 610550 3906 360002419540 200000000000
773 94641 3941 353746573774 200000000000
774 455318 3766 389223109238 200000000000
775 760768 3763 392825055008 200000000000
776 548218 3908 366708449201 200000000000
777 488261 3793 390988305950 200000000000
778 688238 3898 373157544709 200000000000
779 234033 3806 392066663687 200000000000
780 345916 3954 364629638463 200000000000
781 491974 3799 396785557248 200000000000
782 661395 3899 379689328128 200000000000
783 524232 3861 389195583252 200000000000
784 849665 3874 389983777615 200000000000
785 31908 3836 397649692584 200000000000
786 120970 3873 390785380601 200000000000
787 697553 3861 395932399473 200000000000
788 598914 3903 389980900159 200000000000
789 937434 3856 403072314344 200000000000
790 385731 4026 371150182235 200000000000
791 276076 3993 378607933778 200000000000
792 59471 3915 394173547345 200000000000
793 705503 3959 388261293618 200000000000
794 492349 3914 399144092495 200000000000
795 416570 3952 393239053490 200000000000
796 715305 4049 377011587912 200000000000
797 986444 3964 397620787507 200000000000
798 993397 3993 395801254576 200000000000
799 886497 3930 412025777099 200000000000
800 529902 3941 411942229033 200000000000
801 709187 4057 391538125124 200000000000
802 154573 4081 387411912081 200000000000
803 883976 3991 408896052400 200000000000
804 275772 3989 410417383989 200000000000
805 324367 4069 395659555704 200000000000
806 395419 4021 406857824353 200000000000
807 94255 3952 421282415301 200000000000
808 67193 4093 393105311326 200000000000
809 900126 4010 413386020988 200000000000
810 239606 3981 420283983576 200000000000
811 712796 4114 396293772824 200000000000
812 200153 4065 406914572155 200000000000
813 97508 4142 391917319578 200000000000
814 290258 4062 409086493220 200000000000
815 661079 4049 414408957747 200000000000
816 790083 4135 400241175388 200000000000
817 660601 3985 433559877630 200000000000
818 230134 4125 405825811334 200000000000
819 335532 4078 416718017882 200000000000
820 494350 4117 410796162902 200000000000
821 361960 4100 415723641112 200000000000
822 545387 4142 409408289598 200000000000
823 875669 4092 423182864088 200000000000
824 196650 4009 441255144581 200000000000
825 414277 4036 437332726476 200000000000
826 173822 4027 439945754406 200000000000
827 748785 4113 425174033522 200000000000
828 538950 4205 408591277090 200000000000
829 700420 4061 441154048610 200000000000
830 832151 4199 416034103924 200000000000
831 384419 4163 424992703938 200000000000
832 825394 4176 425716379688 200000000000
833 312691 4205 421035459800 200000000000
834 645145 4185 427814281427 200000000000
835 616312 4214 424372331905 200000000000
836 283797 4223 423688185053 200000000000
837 855147 4101 452804560536 200000000000
838 485109 4260 421591992029 200000000000
839 232210 4091 458000091429 200000000000
840 296167 4135 449886894855 200000000000
841 548832 4254 427266871779 200000000000
842 310788 4153 449716303370 200000000000
843 269517 4183 444512534619 200000000000
844 306714 4205 441173174135 200000000000
845 249560 4290 424528164923 200000000000
846 654274 4297 425783171342 200000000000
847 538349 4231 441771327188 200000000000
848 600066 4256 439043445605 200000000000
849 556918 4189 455567282176 200000000000
850 292831 4138 467784899664 200000000000
851 243081 4333 427564954082 200000000000
852 666055 4200 458356074753 200000000000
853 124049 4263 445490745267 200000000000
854 437976 4242 451794275712 200000000000
855 302498 4152 472440813012 200000000000
856 203877 4168 469851604674 200000000000
857 505423 4169 471828381285 200000000000
858 335137 4310 443106677256 200000000000
859 347180 4280 450919536425 200000000000
860 994386 4363 437615839176 200000000000
861 938314 4306 453609882671 200000000000
862 721995 4290 460116343870 200000000000
863 996605 4357 450075431680 200000000000
864 528154 4281 468627729516 200000000000
865 409172 4210 485924247616 200000000000
866 422313 4389 449056732814 200000000000
867 763665 4415 446785846789 200000000000
868 268369 4331 465876109166 200000000000
869 669873 4269 482291914515 200000000000
870 764216 4424 452096653988 200000000000
871 293681 4246 492037660021 200000000000
872 647794 4397 461893724826 200000000000
873 921825 4358 474319681981 200000000000
874 127762 4417 462106900189 200000000000
875 10709 4455 454018837163 200000000000
876 704124 4441 460022536108 200000000000
877 832478 4282 498468491038 200000000000
878 683900 4391 477413444180 200000000000
879 189942 4388 478900425911 200000000000
880 881517 4308 500502590633 200000000000
881 411977 4445 472112030189 200000000000
882 657782 4340 498134247776 200000000000
883 847166 4476 471916442649 200000000000
884 86181 4357 498505737111 200000000000
885 873377 4441 483761047936 200000000000
886 365325 4361 503153396971 200000000000
887 890028 4489 478739555525 200000000000
888 900086 4344 515068783970 200000000000
889 546677 4511 480258434906 200000000000
890 436832 4415 503485045875 200000000000
891 847950 4532 481288277941 200000000000
892 674275 4542 482053127542 200000000000
893 577776 4477 499008072039 200000000000
894 440841 4461 504567047883 200000000000
895 242210 4493 498485716441 200000000000
896 361379 4488 501218744657 200000000000
897 708760 4467 509125070245 200000000000
898 789409 4559 492074272457 200000000000
899 345666 4545 496724403314 200000000000
900 931547 4483 514856657845 200000000000
901 359621 4588 492903187317 200000000000
902 678514 4534 508019248042 200000000000
903 979849 4474 526118125688 200000000000
904 324992 4502 521197588712 200000000000
905 85858 4472 528463889994 200000000000
906 955577 4580 508227845984 200000000000
907 992939 4513 527997862608 200000000000
908 394988 4539 523846301441 200000000000
909 244417 4529 527259795153 200000000000
910 749141 4498 537871583270 200000000000
911 815828 4522 536089642410 200000000000
912 148544 4677 501467769234 200000000000
913 484110 4653 509039625821 200000000000
914 710576 4529 540700069025 200000000000
915 587254 4693 505875878602 200000000000
916 615552 4669 514075987814 200000000000
917 167866 4680 512342633536 200000000000
918 169937 4673 514701049277 200000000000
919 919625 4546 548214839671 200000000000
920 271662 4665 521946503929 200000000000
921 57558 4546 549757594201 200000000000
922 253821 4684 519032052445 200000000000
923 769883 4593 543555699431 200000000000
924 392899 4687 523657639211 200000000000
925 98998 4606 542818730502 200000000000
926 821545 4727 518728897927 200000000000
927 89646 4711 522788960472 200000000000
928 626831 4573 557775390868 200000000000
929 80064 4708 526715120199 200000000000
930 874015 4662 541384970371 200000000000
931 868390 4709 534511828120 200000000000
932 719424 4576 569130792252 200000000000
933 378340 4598 565692218889 200000000000
934 140162 4622 560662368757 200000000000
935 382299 4733 536456872214 200000000000
936 376671 4730 538899522446 200000000000
937 342962 4777 529621243113 200000000000
938 670715 4734 542683829828 200000000000
939 487916 4787 532655982186 200000000000
940 274694 4703 553512001085 200000000000
941 915003 4696 559479430532 200000000000
942 520971 4640 575300858484 200000000000
943 348915 4677 568121892745 200000000000
944 824863 4818 538834623258 200000000000
945 741166 4769 553751675648 200000000000
946 880311 4781 555071733331 200000000000
947 635658 4702 576889387790 200000000000
948 977029 4705 580869277374 200000000000
949 383120 4742 573820054917 200000000000
950 291217 4786 564710753974 200000000000
951 287314 4676 592551543422 200000000000
952 505037 4860 550976968509 200000000000
953 450061 4788 570152667789 200000000000
954 795213 4823 565603784346 200000000000
955 670164 4853 561663522896 200000000000
956 208269 4742 589288681657 200000000000
957 835093 4719 598965536250 200000000000
958 84301 4767 587684677657 200000000000
959 337131 4844 570775971877 200000000000
960 88494 4801 581521979497 200000000000
961 677046 4859 570850378882 200000000000
962 346273 4769 594243101672 200000000000
963 5810 4797 587465311433 200000000000
964 972853 4754 602700589392 200000000000
965 321043 4857 579223823920 200000000000
966 905731 4800 597442869594 200000000000
967 599263 4786 603810399788 200000000000
968 299396 4861 586972342246 200000000000
969 536218 4955 566970025605 200000000000
970 192248 4883 585173335999 200000000000
971 942944 4901 585381264549 200000000000
972 91550 4942 575942818922 200000000000
973 984774 4907 589143705133 200000000000
974 814521 4818 614977333628 200000000000
975 374661 4856 607435003040 200000000000
976 153209 4850 609671350578 200000000000
977 689572 4891 602971708811 200000000000
978 515036 4880 608213550966 200000000000
979 587720 4841 620794779880 200000000000
980 426242 5012 580970914766 200000000000
981 380683 5018 581361698422 200000000000
982 307337 5013 584050889251 200000000000
983 82595 5011 584934003547 200000000000
984 134085 4902 612258211225 200000000000
985 640518 5024 585538428541 200000000000
986 926822 4891 622781275499 200000000000
987 468296 4988 601103667441 200000000000
988 464359 4984 604365481269 200000000000
989 931827 5010 602555599711 200000000000
990 357134 4972 613688681553 200000000000
991 941841 5039 601815679758 200000000000
992 725007 4940 629981410527 200000000000
993 639904 4965 626921610362 200000000000
994 534628 5085 599852234521 200000000000
995 718282 5070 607066008444 200000000000
996 355693 5099 601685710732 200000000000
997 668949 5050 617083685330 200000000000
998 740665 5003 632534807411 200000000000
999 244641 4945 648451178498 200000000000
1000 183954 719670 417020578183 200000000000
1001 667777 993761 763481178981 200000000000
1002 411845 933613 312509221265 200000000000
1003 57205 626101 816755443668 200000000000
1004 187859 979281 207651718245 200000000000
1005 837898 720387 939093957808 200000000000
1006 50936 737868 665159889528 200000000000
1007 908281 120074 273282689352 200000000000
1008 262758 963646 725268113377 200000000000
1009 798276 311182 554847014611 200000000000
1010 927936 857576 751935251081 200000000000
1011 264861 724030 534302414655 200000000000
1012 662940 636266 971925081573 200000000000
1013 444272 682930 506874575383 200000000000
1014 35128 378991 966400945633 200000000000
1015 282790 781562 312236953849 200000000000
1016 67725 404604 183603334488 200000000000
1017 579501 327196 647862728099 200000000000
1018 69559 718572 31323432284 200000000000
1019 967897 209899 567311324829 200000000000
1020 156732 737170 389902077704 200000000000
1021 458222 271250 315815730707 200000000000
1022 935354 640656 427013063280 200000000000
1023 848201 356875 495865923834 200000000000
1024 400951 545951 982356007499 200000000000
1025 673935 798171 501952328507 200000000000
1026 42932 740228 359960196817 200000000000
1027 711620 779123 733705565620 200000000000
1028 339865 698094 296553024642 200000000000
1029 538026 559410 963612999416 200000000000
1030 12630 793530 992961907681 200000000000
1031 808233 452274 216899022800 200000000000
1032 671928 67542 176991309061 200000000000
1033 628307 993550 596407065028 200000000000
1034 228723 980372 138281607776 200000000000
1035 141089 892242 353146461126 200000000000
1036 463851 324029 5053570726 200000000000
1037 580809 342463 245788831857 200000000000
1038 198244 741937 959316656352 200000000000
1039 751930 314797 317921817547 200000000000
1040 433735 533677 798329012731 200000000000
1041 185956 94777 482363077106 200000000000
1042 142550 2803 780308719236 200000000000
1043 140499 933604 379548928886 200000000000
1044 694943 307563 73287316252 200000000000
1045 272199 967807 811995562735 200000000000
1046 458405 389686 174404220112 200000000000
1047 845888 736970 528437205264 200000000000
1048 439064 753907 366057797149 200000000000
1049 834205 483755 625656456446 200000000000
1050 276600 667989 523416064998 200000000000
1051 978825 964727 343066565659 200000000000
1052 876407 762998 913537470132 200000000000
1053 507702 909354 235343604700 200000000000
1054 717229 253780 220869954861 200000000000
1055 284684 77364 927870633893 200000000000
1056 89322 779254 281358822742 200000000000
1057 269881 672223 374670010251 200000000000
1058 836277 39033 36277246030 200000000000
1059 565176 693384 708333035171 200000000000
1060 329816 752325 830732259784 200000000000
1061 604520 24394 34774968364 200000000000
1062 291471 198971 455011215771 200000000000
1063 520444 533005 270995773110 200000000000
1064 331125 519090 256322767123 200000000000
1065 134850 568572 512152890015 200000000000
1066 461531 12510 934109700122 200000000000
1067 792898 750221 831351233848 200000000000
1068 873292 919803 604389088853 200000000000
1069 109278 460510 869643515117 200000000000
1070 639793 911759 53773000416 200000000000
1071 339949 867247 993323226450 200000000000
1072 447677 67445 371144640054 200000000000
1073 956465 421389 528026045280 200000000000
1074 634187 581672 157723072301 200000000000
1075 802691 908423 419917517373 200000000000
1076 929310 121792 139370725042 200000000000
1077 536323 422860 145663166710 200000000000
1078 377764 211587 4964036656 200000000000
1079 98355 613462 255705030643 200000000000
1080 351896 581085 43558712480 200000000000
1081 174229 699761 328569372955 200000000000
1082 453055 328797 17135679683 200000000000
1083 103948 89006 651970031766 200000000000
1084 542171 699572 233933721863 200000000000
1085 21608 749750 67386570853 200000000000
1086 846102 907581 628987381800 200000000000
1087 24852 206112 165668690348 200000000000
1088 654632 977900 293202163820 200000000000
1089 79800 580265 734626234872 200000000000
1090 262344 555867 802853015731 200000000000
1091 20457 593324 777379554614 200000000000
1092 521759 497790 343106039475 200000000000
1093 872699 27024 392776662245 200000000000
1094 819704 628663 322300225532 200000000000
1095 947401 717384 870680468946 200000000000
1096 648980 884086 971414748231 200000000000
1097 989376 810118 726214526441 200000000000
1098 335513 42823 112871135196 200000000000
1099 703283 946375 826152717825 200000000000
1100 10147 59653 98392035459 200000000000
1101 197722 142041 197291188742 200000000000
1102 661075 117168 752975036343 200000000000
1103 313633 410856 495571623935 200000000000
1104 872453 977241 949770254256 200000000000
1105 225538 503494 733591666845 200000000000
1106 390348 426229 84785263484 200000000000
1107 583747 933645 594211240669 200000000000
1108 174234 750842 323671252694 200000000000
1109 923200 876342 143921478652 200000000000
1110 334297 530488 505225051788 200000000000
1111 777903 491514 561462193775 200000000000
1112 617813 614979 455389414295 200000000000
1113 200190 566479 478010960395 200000000000
1114 276272 140989 691709867419 200000000000
1115 189821 456375 745317496030 200000000000
1116 823379 665275 3509283683 200000000000
1117 159116 647474 660565251187 200000000000
1118 861203 581138 604063679573 200000000000
1119 501536 345941 555408774599 200000000000
1120 243566 355789 310849026302 200000000000
1121 228019 632330 715149197171 200000000000
1122 160155 536996 835443416096 200000000000
1123 708301 629079 394908559130 200000000000
1124 887646 456096 270424664447 200000000000
1125 387297 911246 44626027144 200000000000
1126 734189 220248 405937666891 200000000000
1127 862231 317840 140330994014 200000000000
1128 259591 621486 971327614199 200000000000
1129 567757 300281 180710874776 200000000000
1130 347327 482171 330793898934 200000000000
1131 328135 826498 287109412909 200000000000
1132 656858 855645 457952701516 200000000000
1133 80472 844679 388235967445 200000000000
1134 401363 305493 538437711676 200000000000
1135 425945 581509 541407420889 200000000000
1136 834002 163394 903506852479 200000000000
1137 857007 343827 45809356714 200000000000
1138 734402 505844 664146601046 200000000000
1139 980547 924601 103170870843 200000000000
1140 64729 689047 141657245020 200000000000
1141 554782 495969 107073340997 200000000000
1142 839268 890770 921064706787 200000000000
1143 26791 601341 766500378524 200000000000
1144 906427 885184 702996585411 200000000000
1145 80798 384629 146767853757 200000000000
1146 543124 38947 262788844252 200000000000
1147 121447 112305 11200191460 200000000000
1148 339497 318751 112362693239 200000000000
1149 513308 59528 680091123777 200000000000
1150 183778 478166 123861462290 200000000000
1151 150008 809296 897142113714 200000000000
1152 710398 211948 994604744606 200000000000
1153 356733 188697 970805751142 200000000000
1154 148724 630225 349365248717 200000000000
1155 811605 868145 712210300649 200000000000
1156 666407 559405 810994789725 200000000000
1157 555525 683150 779078989889 200000000000
1158 643818 402151 729198523013 200000000000
1159 882718 439850 283396549561 200000000000
1160 1085 647812 582968392731 200000000000
1161 181707 422614 336301371129 200000000000
1162 710519 502220 450280212764 200000000000
1163 886875 307253 924710955156 200000000000
1164 514418 767835 443443977042 200000000000
1165 507925 814860 295176716776 200000000000
1166 544032 307334 535360364944 200000000000
1167 36762 351284 512680325958 200000000000
1168 119148 503827 653935427136 200000000000
1169 537139 462174 894989167372 200000000000
1170 373331 388313 626524250512 200000000000
1171 821789 641150 918916212606 200000000000
1172 621588 408050 239370668777 200000000000
1173 71926 867131 60144447072 200000000000
1174 130191 553953 242828211237 200000000000
1175 502236 752312 2054058138 200000000000
1176 273647 876551 627550621801 200000000000
1177 201327 848630 970064150526 200000000000
1178 240075 860067 294821086083 200000000000
1179 424915 919566 413369328814 200000000000
1180 913487 465079 796434999836 200000000000
1181 587248 284413 595958250449 200000000000
1182 434917 930874 389458979183 200000000000
1183 775174 726378 763652548958 200000000000
1184 569586 517355 19289613868 200000000000
1185 346569 418934 145673532105 200000000000
1186 798222 487635 494047513046 200000000000
1187 817463 77794 622414631694 200000000000
1188 292374 69955 376769497894 200000000000
1189 829643 356581 91728263633 200000000000
1190 10496 824082 571345029560 200000000000
1191 517223 100835 636223344084 200000000000
1192 389529 490521 264615603644 200000000000
1193 415576 603672 571865544621 200000000000
1194 978987 921130 628015926837 200000000000
1195 858070 650737 756976237994 200000000000
1196 956965 478306 292942158117 200000000000
1197 958788 850766 337952219041 200000000000
1198 243927 940101 451163300638 200000000000
1199 564639 578828 844403989157 200000000000
1200 664241 712163 472560097643 200000000000
1201 369081 272642 871018825908 200000000000
1202 562732 886265 953197427348 200000000000
1203 753557 134616 542622442829 200000000000
1204 238788 193869 714581127439 200000000000
1205 994642 359108 839450424906 200000000000
1206 332997 154470 810201787296 200000000000
1207 956212 526503 368349089873 200000000000
1208 960487 723657 924394525519 200000000000
1209 250636 314666 722522458517 200000000000
1210 40943 327790 607397430258 200000000000
1211 35223 519488 416095135344 200000000000
1212 300178 275982 489561380154 200000000000
1213 880480 579546 214085042294 200000000000
1214 163125 1258 781331496644 200000000000
1215 3746 51530 948314476981 200000000000
1216 260964 694155 750389177672 200000000000
1217 210259 747355 209562401925 200000000000
1218 557632 867576 80532652435 200000000000
1219 515006 100822 977895216643 200000000000
1220 503914 44916 243513048478 200000000000
1221 509550 668091 520709273122 200000000000
1222 31172 252875 177629556551 200000000000
1223 547674 169852 599309356678 200000000000
1224 990300 32416 95615339488 200000000000
1225 328889 967163 952611780468 200000000000
1226 399371 607188 599310353327 200000000000
1227 162524 188181 466596362779 200000000000
1228 791844 492293 258837513698 200000000000
1229 221514 865355 642113975867 200000000000
1230 924750 911022 679372562697 200000000000
1231 28623 316503 964830467714 200000000000
1232 581929 182492 429935567016 200000000000
1233 740372 640854 464892474770 200000000000
1234 82322 224660 636735966104 200000000000
1235 48553 644779 361396272800 200000000000
1236 189682 603752 524980812854 200000000000
1237 961300 335229 661483372193 200000000000
1238 659460 405288 956835616375 200000000000
1239 255946 445380 4068868793 200000000000
1240 380173 728515 714637236760 200000000000
1241 115431 160985 414835590550 200000000000
1242 247267 936061 952106544337 200000000000
1243 393800 623282 82871563671 200000000000
1244 366053 514012 354141593737 200000000000
1245 768692 958344 192644695094 200000000000
1246 389950 932931 511006281865 200000000000
1247 664302 611515 297097879093 200000000000
1248 969833 19626 831082491772 200000000000
1249 821864 895428 136255346237 200000000000
1250 261636 568162 751094745784 200000000000
1251 346943 978871 152963282348 200000000000
1252 60736 277887 480912133581 200000000000
1253 98229 210035 229430203249 200000000000
1254 875641 292581 545852373656 200000000000
1255 87651 981632 897414768108 200000000000
1256 355193 52942 815049742517 200000000000
1257 573142 270837 397760970621 200000000000
1258 826212 854342 798212036122 200000000000
1259 589537 128156 791218438141 200000000000
1260 272582 166538 153074097124 200000000000
1261 727844 546231 968709570908 200000000000
1262 906052 453859 633616703092 200000000000
1263 734268 403112 956150377094 200000000000
1264 954291 35832 12811711926 200000000000
1265 569253 808204 144327083419 200000000000
1266 450647 152581 22636287944 200000000000
1267 150567 753688 103469173608 200000000000
1268 13144 649341 318372416785 200000000000
1269 350904 240205 827007428557 200000000000
1270 129405 648472 854175048278 200000000000
1271 863709 788736 228763257652 200000000000
1272 927880 391584 63542509534 200000000000
1273 233353 226370 113742468462 200000000000
1274 308536 32629 646752761382 200000000000
1275 776280 700419 728832965132 200000000000
1276 621641 956608 646415109871 200000000000
1277 325765 454185 859838361821 200000000000
1278 777192 179317 516287657474 200000000000
1279 458073 433841 624435665723 200000000000
1280 294040 370838 234895361643 200000000000
1281 625742 931034 685478956556 200000000000
1282 601025 429610 319812183805 200000000000
1283 981646 796961 548373280674 200000000000
1284 161603 251713 50754411403 200000000000
1285 874175 553899 155936575198 200000000000
1286 266918 525545 360178468740 200000000000
1287 2676 973476 803253075002 200000000000
1288 198172 709292 846760056908 200000000000
1289 610912 961783 6732870350 200000000000
1290 618799 927370 300913697670 200000000000
1291 942636 117559 127520965921 200000000000
1292 723495 55002 49124945095 200000000000
1293 139291 284159 410425583401 200000000000
1294 96181 206700 129720761228 200000000000
1295 833833 436586 298296684012 200000000000
1296 675667 213112 332201012187 200000000000
1297 932051 889142 389974028827 200000000000
1298 681619 541856 737707117841 200000000000
1299 50481 200653 435792191497 200000000000
1300 731945 883413 228397872026 200000000000
1301 616909 149821 198108846063 200000000000
1302 575644 467355 236033943392 200000000000
1303 904276 817769 715469860461 200000000000
1304 464684 667385 837416479793 200000000000
1305 234379 35944 474789844818 200000000000
1306 812744 169041 521926509943 200000000000
1307 322972 506595 940112932588 200000000000
1308 55541 552048 660921955899 200000000000
1309 867339 431513 658716686625 200000000000
1310 898179 158913 959948706809 200000000000
1311 689889 755366 112292331937 200000000000
1312 723342 654472 715250725812 200000000000
1313 429467 106256 523771251529 200000000000
1314 609378 28124 299037672308 200000000000
1315 990030 606967 601247309155 200000000000
1316 451569 289855 571057138946 200000000000
1317 285922 415937 299431250240 200000000000
1318 114160 643782 781016167136 200000000000
1319 933374 735261 190878988270 200000000000
1320 343941 767223 749412902020 200000000000
1321 350447 898688 721715927954 200000000000
1322 517266 132820 676333948785 200000000000
1323 887332 326590 904555391285 200000000000
1324 461088 325017 263921516486 200000000000
1325 719330 973468 958272069079 200000000000
1326 167461 668880 381375885942 200000000000
1327 764402 869449 831049323055 200000000000
1328 219467 789498 170685901295 200000000000
1329 377634 267746 548720205505 200000000000
1330 76638 238892 93764614499 200000000000
1331 563249 850757 829602788521 200000000000
1332 53468 646742 448329925720 200000000000
1333 320625 437301 442216802278 200000000000
1334 325150 53063 956221458557 200000000000
1335 819718 607464 429895692798 200000000000
1336 17671 7660 303421274990 200000000000
1337 85308 425779 802253268484 200000000000
1338 484095 911587 824583659888 200000000000
1339 121545 19431 993989095859 200000000000
1340 236706 391485 20929617506 200000000000
1341 754253 836893 132202490821 200000000000
1342 948255 228839 846023945019 200000000000
1343 527646 106247 861828322758 200000000000
1344 576119 277966 530802460390 200000000000
1345 887326 752713 558636990374 200000000000
1346 820642 745016 874488361127 200000000000
1347 178244 934987 640330620089 200000000000
1348 107193 313313 762767590002 200000000000
1349 307877 767263 614946922210 200000000000
1350 758309 175591 335723229210 200000000000
1351 797356 951684 866927392599 200000000000
1352 360907 823225 976667508457 200000000000
1353 759862 618353 389711360887 200000000000
1354 423614 148299 684772239705 200000000000
1355 883555 830627 849121691479 200000000000
1356 648492 358022 122821000582 200000000000
1357 17125 760579 796744226869 200000000000
1358 93519 95562 308783811965 200000000000
1359 462313 15420 33677522163 200000000000
1360 704405 676328 737812920743 200000000000
1361 301229 951702 497486904677 200000000000
1362 540720 13878 670935129477 200000000000
1363 680200 29134 228822982677 200000000000
1364 749098 289216 203386591130 200000000000
1365 899417 166317 843276858437 200000000000
1366 393011 872809 902518808362 200000000000
1367 987092 820128 117037859 200000000000
1368 606388 804011 84322177609 200000000000
1369 923028 958639 553572505687 200000000000
1370 581213 389604 661003499027 200000000000
1371 237504 681932 916302274073 200000000000
1372 557262 118662 547100221859 200000000000
1373 139639 18277 319129609190 200000000000
1374 412071 431797 227612018683 200000000000
1375 320953 616044 721803913326 200000000000
1376 304565 720911 853503058424 200000000000
1377 447124 346612 651083781532 200000000000
1378 924629 34456 195372806076 200000000000
1379 958272 15574 95989677628 200000000000
1380 539173 175439 206061254050 200000000000
1381 467384 830126 481228003941 200000000000
1382 73128 579566 692105743965 200000000000
1383 740749 921728 347962694388 200000000000
1384 327209 741356 76266832512 200000000000
1385 951391 143146 765619761211 200000000000
1386 411172 829027 422097635730 200000000000
1387 620457 199679 432338430266 200000000000
1388 607326 577310 768153015501 200000000000
1389 39629 115213 169320740599 200000000000
1390 873716 258903 559658361166 200000000000
1391 514271 849645 917512800895 200000000000
1392 702019 677513 262549055190 200000000000
1393 139737 852826 743683593043 200000000000
1394 649007 364792 948979249684 200000000000
1395 774101 659878 830125100185 200000000000
1396 263814 636634 822562172026 200000000000
1397 351189 45770 619143039919 200000000000
1398 619003 214860 639928200362 200000000000
1399 36497 642909 331232127811 200000000000
1400 200347 150341 561380749959 200000000000
1401 308721 663937 904830200218 200000000000
1402 10712 279267 857510173472 200000000000
1403 20339 902042 779670369265 200000000000
1404 85907 662549 294468066591 200000000000
1405 147000 896601 617945952324 200000000000
1406 814987 854700 197529947299 200000000000
1407 763214 717475 734819877193 200000000000
1408 806096 541706 470737951186 200000000000
1409 178297 604372 336551898620 200000000000
1410 672184 71410 814487471449 200000000000
1411 718869 867148 967778238824 200000000000
1412 190187 44117 931334281792 200000000000
1413 217064 276583 439234294782 200000000000
1414 991356 647979 291487131657 200000000000
1415 7207 167849 430967702623 200000000000
1416 918904 612567 406057269491 200000000000
1417 780082 543701 257910964324 200000000000
1418 892981 606400 805154258751 200000000000
1419 443809 279650 947815725165 200000000000
1420 135918 783989 167616264157 200000000000
1421 392469 844402 684126417045 200000000000
1422 41551 373586 530851412517 200000000000
1423 130191 485007 119705433796 200000000000
1424 387395 918678 467600405811 200000000000
1425 436741 262367 746306996679 200000000000
1426 300949 740890 436680875504 200000000000
1427 744962 775145 217959581527 200000000000
1428 773928 964805 512849648063 200000000000
1429 693280 504661 339108810664 200000000000
1430 184288 364274 980194118002 200000000000
1431 961455 649081 663599033994 200000000000
1432 138395 560432 593972122223 200000000000
1433 672708 919652 52911991614 200000000000
1434 539114 229765 488273305769 200000000000
1435 269777 453354 688564181597 200000000000
1436 557389 687902 226434336771 200000000000
1437 684740 551967 241064682799 200000000000
1438 394373 903257 436605001372 200000000000
1439 249243 875954 692625119778 200000000000
1440 592408 778206 763981581094 200000000000
1441 196485 743737 992318304523 200000000000
1442 152082 355840 534385370311 200000000000
1443 178863 906210 553389448916 200000000000
1444 93010 833882 483663867391 200000000000
1445 937473 270176 934641937993 200000000000
1446 631778 903140 145172703439 200000000000
1447 49779 634615 443415588432 200000000000
1448 573894 754572 917483707706 200000000000
1449 817314 561677 330691075083 200000000000
1450 600064 636770 813866415737 200000000000
1451 398582 700821 410601414876 200000000000
1452 307431 99003 878714807525 200000000000
1453 661381 744337 562823120837 200000000000
1454 218906 262865 461357812452 200000000000
1455 298832 569655 297790020431 200000000000
1456 48067 647607 622545770073 200000000000
1457 557762 856347 362502873730 200000000000
1458 571084 256673 179320702879 200000000000
1459 43755 193926 628538570936 200000000000
1460 683563 980467 900767883468 200000000000
1461 399830 186995 991939166821 200000000000
1462 38680 145972 706460378189 200000000000
1463 371146 640635 539103480126 200000000000
1464 999028 516048 860638332666 200000000000
1465 318212 995308 615638494745 200000000000
1466 369973 558276 952633143502 200000000000
1467 421148 164770 876065744748 200000000000
1468 702333 81525 146930355970 200000000000
1469 672886 827917 621627103154 200000000000
1470 354149 371201 549828817405 200000000000
1471 150382 523743 785727879705 200000000000
1472 628717 703238 240850365513 200000000000
1473 874049 570538 622544905050 200000000000
1474 475985 750588 231850747845 200000000000
1475 509699 476527 488010595155 200000000000
1476 863303 338982 968688186550 200000000000
1477 280386 383356 326736695714 200000000000
1478 131064 107301 133521565068 200000000000
1479 950591 595917 878572311904 200000000000
1480 71226 41856 753820584804 200000000000
1481 671281 894863 384751744576 200000000000
1482 220194 23664 831231344679 200000000000
1483 678301 75204 707041259662 200000000000
1484 343491 310762 43447355871 200000000000
1485 482204 378221 195365538587 200000000000
1486 582193 116141 556114744288 200000000000
1487 443444 751309 998369127187 200000000000
1488 585853 644998 357669275058 200000000000
1489 438139 285796 564844815587 200000000000
1490 60533 648095 498765385229 200000000000
1491 613768 145496 333610860519 200000000000
1492 551333 806595 251836313305 200000000000
1493 108949 948582 44407826053 200000000000
1494 4933 484212 66538187264 200000000000
1495 565009 145917 963401890293 200000000000
1496 19159 37018 539493889240 200000000000
1497 219625 105441 822579556509 200000000000
1498 807665 420557 600414722382 200000000000
1499 123664 922424 519291738516 200000000000
1500 686902 276940 621910788811 200000000000
1501 606196 963663 437125735092 200000000000
1502 876990 925330 389843936059 200000000000
1503 471420 862410 808012720134 200000000000
1504 101226 332150 96577660672 200000000000
1505 161476 621336 813190300389 200000000000
1506 25675 887278 807266569175 200000000000
1507 620655 483471 435294442845 200000000000
1508 857884 860222 220140444509 200000000000
1509 610377 48964 466706959776 200000000000
1510 225264 544393 892246703456 200000000000
1511 395972 619970 927247463411 200000000000
1512 22199 162130 500078308976 200000000000
1513 916364 443286 788226431566 200000000000
1514 58568 835486 449858583171 200000000000
1515 195329 229038 926483439190 200000000000
1516 490188 65046 733228608387 200000000000
1517 634 72581 986234539362 200000000000
1518 144635 558897 765358266171 200000000000
1519 382042 851222 291895006212 200000000000
1520 25862 131754 323978379534 200000000000
1521 523865 40729 581974656478 200000000000
1522 589317 642393 674398665023 200000000000
1523 341639 940139 332019685786 200000000000
1524 923381 366493 330560590666 200000000000
1525 723331 664134 45523702575 200000000000
1526 218019 986041 590298717488 200000000000
1527 529711 946575 308818226042 200000000000
1528 727520 490882 961641525375 200000000000
1529 978372 942677 535315815125 200000000000
1530 997133 851454 299894257132 200000000000
1531 887602 711442 673259442861 200000000000
1532 63009 386074 566433468626 200000000000
1533 172011 174857 887379809243 200000000000
1534 480515 208875 32399626225 200000000000
1535 16441 955091 840238028255 200000000000
1536 779623 249005 583260214383 200000000000
1537 586369 897630 321191288099 200000000000
1538 576854 305651 940232488162 200000000000
1539 581528 550085 61479730524 200000000000
1540 204929 547440 927679736569 200000000000
1541 488648 232432 908777775480 200000000000
1542 710245 293047 998995365961 200000000000
1543 79789 229372 737372982691 200000000000
1544 664822 366082 760242078372 200000000000
1545 564218 145373 686224272517 200000000000
1546 622301 520528 213317650780 200000000000
1547 565552 482498 345213840163 200000000000
1548 954338 47776 503990894106 200000000000
1549 71479 344730 97076397135 200000000000
1550 164109 436684 515593346008 200000000000
1551 50023 436663 638131926445 200000000000
1552 744428 490898 775142116348 200000000000
1553 255732 211265 730882865729 200000000000
1554 171226 222128 920185795199 200000000000
1555 571927 582640 585786431560 200000000000
1556 971651 983760 80056188966 200000000000
1557 460691 963185 252455221414 200000000000
1558 688588 104738 536970354459 200000000000
1559 215766 611633 190272463342 200000000000
1560 970535 112892 598452439759 200000000000
1561 181619 372097 563492880302 200000000000
1562 279547 575440 101790844946 200000000000
1563 302856 850734 574462121236 200000000000
1564 985599 372306 863036199307 200000000000
1565 614919 99476 542453156458 200000000000
1566 67099 66215 421233065208 200000000000
1567 449826 494590 372923857833 200000000000
1568 250182 90794 134485263928 200000000000
1569 176216 400495 453641773890 200000000000
1570 627223 688633 93534010099 200000000000
1571 62237 621816 772768386339 200000000000
1572 724504 894803 12041657612 200000000000
1573 692929 654840 858902002483 200000000000
1574 713615 278680 345848818367 200000000000
1575 819625 306444 856040088671 200000000000
1576 599878 654698 16629115543 200000000000
1577 230892 551781 624467753616 200000000000
1578 556913 458415 912708852412 200000000000
1579 680964 4847 858531718301 200000000000
1580 87430 133862 504857666864 200000000000
1581 406882 606943 916283009487 200000000000
1582 728197 25203 262941453927 200000000000
1583 545108 712995 351515421488 200000000000
1584 330310 465434 178440035889 200000000000
1585 493693 193938 20112550682 200000000000
1586 845825 552511 496040720693 200000000000
1587 411989 942454 11758568929 200000000000
1588 787803 277920 595638025849 200000000000
1589 340302 384188 780645319060 200000000000
1590 920414 740713 225981200773 200000000000
1591 822117 931683 257265543101 200000000000
1592 342115 693595 546885880250 200000000000
1593 340348 774484 681084489164 200000000000
1594 160696 154380 885861673544 200000000000
1595 478817 224777 45312963396 200000000000
1596 407473 441788 983809487538 200000000000
1597 986414 606477 277265795863 200000000000
1598 650164 125424 227004953858 200000000000
1599 811635 286771 394641903198 200000000000
1600 18897 966572 116081117116 200000000000
1601 16235 821715 56285180402 200000000000
1602 7467 362217 896459790113 200000000000
1603 840273 165720 79486176745 200000000000
1604 343973 945801 308187174808 200000000000
1605 168547 682386 979913042140 200000000000
1606 36186 919989 493336512286 200000000000
1607 26642 987559 560055381298 200000000000
1608 372388 792382 75881950270 200000000000
1609 454746 92790 908202755143 200000000000
1610 200462 935599 554331716301 200000000000
1611 812242 742262 566264101054 200000000000
1612 115957 416609 229043062838 200000000000
1613 674917 989289 417057685077 200000000000
1614 885838 165559 975642330242 200000000000
1615 749862 715953 634492830813 200000000000
1616 312583 200924 216023979021 200000000000
1617 705324 550559 116745675640 200000000000
1618 176598 375231 105811016763 200000000000
1619 528117 990465 41579772727 200000000000
1620 766221 856845 566559714206 200000000000
1621 598162 553152 35715690444 200000000000
1622 848417 788174 410034719509 200000000000
1623 634345 6476 277139169288 200000000000
1624 479479 722550 647792085644 200000000000
1625 959414 832148 856225886176 200000000000
1626 354384 557750 236849730660 200000000000
1627 973412 683229 331040309623 200000000000
1628 288400 41837 602198367077 200000000000
1629 48679 5027 224898735989 200000000000
1630 709174 444246 795273453730 200000000000
1631 930612 498828 217543424709 200000000000
1632 815101 811006 157960720408 200000000000
1633 998717 780991 286748761252 200000000000
1634 743033 951543 803002734160 200000000000
1635 510903 140594 729498194326 200000000000
1636 739709 199539 690836303152 200000000000
1637 238050 891519 524498013879 200000000000
1638 552593 977740 836116052128 200000000000
1639 106902 730275 751354005528 200000000000
1640 340122 840116 347619801548 200000000000
1641 880862 95218 100549727958 200000000000
1642 640860 885288 319804099150 200000000000
1643 842619 103227 264197170586 200000000000
1644 137875 329982 589289176184 200000000000
1645 682217 152205 275173079790 200000000000
1646 244156 302131 121261272827 200000000000
1647 359657 413874 29155831591 200000000000
1648 300322 258592 387572537611 200000000000
1649 727162 510162 132537785238 200000000000
1650 585789 244544 869359563682 200000000000
1651 780328 573471 660346869595 200000000000
1652 944930 671630 706369522645 200000000000
1653 550924 166890 892372823998 200000000000
1654 464081 835838 793816186127 200000000000
1655 54926 830365 634006601886 200000000000
1656 974610 560248 464717624064 200000000000
1657 854157 194115 472309681803 200000000000
1658 25938 471463 249450026123 200000000000
1659 217367 505853 943249349622 200000000000
1660 42513 92090 665594443466 200000000000
1661 831932 556735 458128597422 200000000000
1662 885566 710392 532276437027 200000000000
1663 937297 986044 795986825110 200000000000
1664 425091 544605 715248613058 200000000000
1665 37129 650776 939953433949 200000000000
1666 510487 108547 489952354915 200000000000
1667 991063 776206 384805421228 200000000000
1668 532499 950858 800732786021 200000000000
1669 183466 160032 618581610192 200000000000
1670 440767 907582 744299534611 200000000000
1671 619097 245682 488954707532 200000000000
1672 743657 868620 784516935762 200000000000
1673 805344 687074 867946989530 200000000000
1674 186048 185711 58629901577 200000000000
1675 195230 821910 451276109369 200000000000
1676 651054 185554 482137433763 200000000000
1677 195636 453454 179252858595 200000000000
1678 357117 904758 530115510370 200000000000
1679 208033 497118 314261754902 200000000000
1680 786354 723410 315467976411 200000000000
1681 78327 455242 616761381848 200000000000
1682 996238 551470 249721773775 200000000000
1683 597182 589685 726154766981 200000000000
1684 338445 858138 686696236751 200000000000
1685 917272 275571 639925440499 200000000000
1686 568877 257594 404113670155 200000000000
1687 8851 503987 160709354604 200000000000
1688 728801 105278 181283526725 200000000000
1689 996021 746323 698403356142 200000000000
1690 955168 6217 976167701904 200000000000
1691 549727 11072 213128832006 200000000000
1692 766500 297205 389355648971 200000000000
1693 383312 340090 670815801232 200000000000
1694 846839 310068 456020699218 200000000000
1695 801851 590553 748886966083 200000000000
1696 681170 459189 12760658167 200000000000
1697 770210 417650 261863597324 200000000000
1698 379466 377492 568302700056 200000000000
1699 63958 165516 318244987860 200000000000
1700 936167 388840 6178125265 200000000000
1701 585017 474107 29425605890 200000000000
1702 122641 813715 724774809128 200000000000
1703 79963 94474 87505830759 200000000000
1704 689307 916237 435995392072 200000000000
1705 655280 818921 903150775542 200000000000
1706 188585 764304 93956563238 200000000000
1707 336036 51065 2346352693 200000000000
1708 942931 585089 923058625402 200000000000
1709 759233 858654 420541349112 200000000000
1710 728479 987639 191918912688 200000000000
1711 583868 368700 426048463238 200000000000
1712 845448 188145 353178901957 200000000000
1713 148934 414146 114609416003 200000000000
1714 629305 342142 725794293630 200000000000
1715 308569 964410 543609669446 200000000000
1716 118565 551373 696877690166 200000000000
1717 56992 791941 597336399794 200000000000
1718 375693 777864 62095910544 200000000000
1719 180545 758350 87352216901 200000000000
1720 221816 820808 377380156996 200000000000
1721 498842 895270 219297889174 200000000000
1722 261468 627486 33419285815 200000000000
1723 57763 135734 928421514551 200000000000
1724 859209 715560 112750856404 200000000000
1725 174119 260534 85167166973 200000000000
1726 58175 716800 989191467270 200000000000
1727 738866 874394 906866857356 200000000000
1728 700278 927186 150015238721 200000000000
1729 175094 589336 574006213060 200000000000
1730 852789 726011 483449355273 200000000000
1731 170540 678401 389240764946 200000000000
1732 493501 735994 600466066087 200000000000
1733 694898 892264 691789564620 200000000000
1734 223750 755489 744076580258 200000000000
1735 184170 678333 650054117698 200000000000
1736 345663 573137 828893001560 200000000000
1737 740418 830765 95250163818 200000000000
1738 795186 445250 596632940446 200000000000
1739 760983 597133 831856925829 200000000000
1740 11387 119329 788062636001 200000000000
1741 562923 346765 931111150413 200000000000
1742 213294 346509 948275211497 200000000000
1743 236055 937685 680280852505 200000000000
1744 372790 545596 196094810156 200000000000
1745 677638 757098 509412978282 200000000000
1746 337894 869426 758287982828 200000000000
1747 166320 578741 456271674535 200000000000
1748 534924 859058 115824131228 200000000000
1749 169466 739606 273573724233 200000000000
1750 202456 320549 281542956594 200000000000
1751 111193 891597 722959506456 200000000000
1752 921522 754631 103404426092 200000000000
1753 449948 556248 368077342043 200000000000
1754 506635 538942 459574670659 200000000000
1755 509488 197825 353518826941 200000000000
1756 153502 9997 481484058802 200000000000
1757 947581 252734 208118066716 200000000000
1758 978036 460594 893426708740 200000000000
1759 240782 828158 541065163576 200000000000
1760 482858 741768 110483989540 200000000000
1761 138248 30180 770323420293 200000000000
1762 788623 520772 152148572817 200000000000
1763 850023 350680 443027547933 200000000000
1764 790733 758662 606707508998 200000000000
1765 68227 730401 172161557062 200000000000
1766 125770 601272 584452067246 200000000000
1767 2145 317001 950733137089 200000000000
1768 328462 784175 645961788019 200000000000
1769 562160 552277 928260199557 200000000000
1770 244547 387168 456767763533 200000000000
1771 775956 711069 336604698475 200000000000
1772 47527 202909 45900251142 200000000000
1773 574953 233509 809540860722 200000000000
1774 608367 449534 876549793048 200000000000
1775 865008 488774 236528020166 200000000000
1776 102236 712541 269317975128 200000000000
1777 264929 114002 648955610947 200000000000
1778 296878 266089 872768910839 200000000000
1779 48377 548563 874189575203 200000000000
1780 454674 185278 200577691371 200000000000
1781 149801 252351 924697201157 200000000000
1782 940807 149481 600231239697 200000000000
1783 385126 960616 481137363386 200000000000
1784 721757 749179 565153086870 200000000000
1785 669174 100666 481260394339 200000000000
1786 865505 159425 19124772831 200000000000
1787 31904 265199 442848484352 200000000000
1788 619370 990680 671755892676 200000000000
1789 11053 534235 921704550215 200000000000
1790 457193 572124 214546091062 200000000000
1791 951676 716817 181859826408 200000000000
1792 147444 348276 327308231038 200000000000
1793 691777 819987 545416392185 200000000000
1794 374738 987581 569501167732 200000000000
1795 504445 773428 598297725030 200000000000
1796 424183 381808 465159733781 200000000000
1797 224064 145384 952961621956 200000000000
1798 173905 764028 947780676660 200000000000
1799 828806 444535 111519446059 200000000000
1800 795326 324800 965868725485 200000000000
1801 684597 361498 454982946395 200000000000
1802 620206 996446 270698186464 200000000000
1803 508346 226958 23838065213 200000000000
1804 969130 631817 165333015827 200000000000
1805 948452 170858 326818045746 200000000000
1806 885638 902580 573642301903 200000000000
1807 673329 220494 486063010614 200000000000
1808 909499 720682 86768134432 200000000000
1809 570938 924564 716618934233 200000000000
1810 617634 819469 811502132850 200000000000
1811 942955 407212 220950270253 200000000000
1812 228990 143430 634299806152 200000000000
1813 345097 345674 380777485284 200000000000
1814 196297 467198 976886640226 200000000000
1815 639496 293318 774505645030 200000000000
1816 819035 479328 937688707626 200000000000
1817 64248 577343 729147293264 200000000000
1818 561628 91919 312540075087 200000000000
1819 27954 294448 854812784793 200000000000
1820 731606 945792 287817459274 200000000000
1821 541883 467858 395531118286 200000000000
1822 549557 276007 454495856088 200000000000
1823 929746 319134 669123294633 200000000000
1824 801950 362933 899050876302 200000000000
1825 320635 91203 42763983978 200000000000
1826 934203 436314 79255178059 200000000000
1827 126901 346149 151434453765 200000000000
1828 356355 934482 641596861598 200000000000
1829 673165 760494 288301406013 200000000000
1830 735729 184561 305812783381 200000000000
1831 766560 280103 263376409598 200000000000
1832 255445 961406 26485791769 200000000000
1833 917373 397598 671335471018 200000000000
1834 412524 998054 20295750793 200000000000
1835 741191 340455 930091051882 200000000000
1836 62098 296740 598208475833 200000000000
1837 836573 736777 7681034648 200000000000
1838 63750 860341 197499229192 200000000000
1839 783188 279174 44170616994 200000000000
1840 159187 383699 776501827468 200000000000
1841 951079 26394 194175158147 200000000000
1842 984109 63937 979508743744 200000000000
1843 891690 804822 859974124934 200000000000
1844 572303 332742 188503393165 200000000000
1845 542135 102532 171138278114 200000000000
1846 895281 246708 741214891622 200000000000
1847 794597 951388 695726963023 200000000000
1848 882795 844079 464184079480 200000000000
1849 936764 579533 785898223403 200000000000
1850 912506 815768 138950220568 200000000000
1851 11314 700338 763558131812 200000000000
1852 400025 896866 738910829860 200000000000
1853 38529 875491 662362583016 200000000000
1854 893083 492663 713179055642 200000000000
1855 492708 128468 728441487088 200000000000
1856 5770 729217 240594611668 200000000000
1857 450222 311308 383588551849 200000000000
1858 841479 211070 959945341228 200000000000
1859 273208 990751 352691107734 200000000000
1860 882870 870872 297683385993 200000000000
1861 273943 154227 799293941030 200000000000
1862 610744 881400 335600588707 200000000000
1863 449490 80732 19980746522 200000000000
1864 48676 503857 284891022984 200000000000
1865 541677 746913 952849924275 200000000000
1866 450783 316406 7155597054 200000000000
1867 865662 385483 540988037393 200000000000
1868 543191 880595 450231337786 200000000000
1869 711350 774839 11890104148 200000000000
1870 310957 978416 227084935849 200000000000
1871 39912 862388 113536134416 200000000000
1872 601170 190265 666289079345 200000000000
1873 103181 792066 194931941285 200000000000
1874 101744 373151 175091801568 200000000000
1875 602338 426518 759049456354 200000000000
1876 539596 96489 126948858666 200000000000
1877 8079 982197 252133569442 200000000000
1878 972846 991376 245665673174 200000000000
1879 951283 226406 425590749797 200000000000
1880 901509 321478 233167743444 200000000000
1881 16747 126328 499403158129 200000000000
1882 957082 701334 974286487755 200000000000
1883 304856 812811 459374862064 200000000000
1884 978313 584706 284185401045 200000000000
1885 757683 211099 739507441104 200000000000
1886 169392 308810 310385939591 200000000000
1887 575552 217342 291598616422 200000000000
1888 378706 866368 313136502577 200000000000
1889 122541 688533 723519876477 200000000000
1890 521637 819705 838581341387 200000000000
1891 448544 952640 789895131406 200000000000
1892 261100 924018 617156704699 200000000000
1893 311946 760363 624087483840 200000000000
1894 348904 806094 371694337720 200000000000
1895 683833 397011 717075015654 200000000000
1896 765221 325673 772639770594 200000000000
1897 716124 131757 396845927877 200000000000
1898 798912 98787 923924487747 200000000000
1899 460919 696816 520466806054 200000000000
1900 499670 767230 923376856873 200000000000
1901 60099 481571 488737365479 200000000000
1902 406420 944619 133925563148 200000000000
1903 11963 416824 658538673342 200000000000
1904 13298 338280 545277379281 200000000000
1905 708406 944068 93550623124 200000000000
1906 48768 192504 87706237031 200000000000
1907 184510 195340 768740983348 200000000000
1908 696548 149286 55104108228 200000000000
1909 314381 227441 147910896811 200000000000
1910 981328 513856 833814616828 200000000000
1911 263359 323314 201442919923 200000000000
1912 465465 972404 982062927890 200000000000
1913 507799 780312 165545288114 200000000000
1914 62865 678379 147831674878 200000000000
1915 436165 635700 858310275301 200000000000
1916 527645 842844 326753072939 200000000000
1917 852600 958612 687729288877 200000000000
1918 545405 150317 398682956409 200000000000
1919 133591 753157 892486742075 200000000000
1920 354776 62066 944945866455 200000000000
1921 768460 213233 620026271945 200000000000
1922 599068 993875 257545929926 200000000000
1923 229835 143775 478884277777 200000000000
1924 346312 363767 957414994607 200000000000
1925 725737 586693 777225586546 200000000000
1926 152815 804310 167339405253 200000000000
1927 735991 615023 70769364045 200000000000
1928 405936 27452 352303053065 200000000000
1929 861686 195994 142263756190 200000000000
1930 569795 794356 358689153896 200000000000
1931 131003 562760 676937568132 200000000000
1932 503132 25274 736506427845 200000000000
1933 72209 365355 227266081835 200000000000
1934 568738 687048 593449121107 200000000000
1935 903536 481132 412648836999 200000000000
1936 363426 175178 938980252237 200000000000
1937 157881 297390 774154141243 200000000000
1938 908925 37300 115214425802 200000000000
1939 874437 15440 941723383575 200000000000
1940 947358 588940 784724382203 200000000000
1941 443725 100545 494598349963 200000000000
1942 555918 973380 841255890620 200000000000
1943 527488 883865 216108398334 200000000000
1944 597305 422166 842145676740 200000000000
1945 920578 452636 691640380201 200000000000
1946 878739 381694 995361122709 200000000000
1947 45359 166371 319271439521 200000000000
1948 552256 692584 932684254259 200000000000
1949 368044 904308 305096894131 200000000000
1950 492707 360018 243223860975 200000000000
1951 881728 202201 445447518179 200000000000
1952 146950 3283 99006903941 200000000000
1953 631559 982726 678151511924 200000000000
1954 484046 138736 245340626184 200000000000
1955 580321 668375 911662714776 200000000000
1956 294243 748514 257505866917 200000000000
1957 583898 897879 954264152425 200000000000
1958 443748 386769 355472189956 200000000000
1959 150568 651446 753938806841 200000000000
1960 556803 672923 555292073931 200000000000
1961 868154 750601 953458184929 200000000000
1962 798449 704447 584624032616 200000000000
1963 473489 451517 665633019869 200000000000
1964 375817 397691 491581794863 200000000000
1965 802756 393274 944308850590 200000000000
1966 849654 500161 383319356836 200000000000
1967 40304 847244 951181599241 200000000000
1968 447966 241583 199594899223 200000000000
1969 551367 964383 61444968442 200000000000
1970 487194 666798 179313270958 200000000000
1971 213996 407016 571027013626 200000000000
1972 397883 778446 734959842826 200000000000
1973 908104 553865 41281239267 200000000000
1974 755443 833864 592559130283 200000000000
1975 859004 493495 657799553392 200000000000
1976 918901 226679 114942776215 200000000000
1977 612185 634200 958142647441 200000000000
1978 878484 948466 41852308095 200000000000
1979 769428 588535 462155020172 200000000000
1980 801069 537323 994810234965 200000000000
1981 534637 634786 913202823486 200000000000
1982 815069 974387 893147458568 200000000000
1983 721074 896587 216049814460 200000000000
1984 524143 80439 553037925685 200000000000
1985 796353 936386 507204323597 200000000000
1986 934524 414198 633468312901 200000000000
1987 599597 143212 707628110878 200000000000
1988 3258 448720 718743403663 200000000000
1989 207483 720198 874892313955 200000000000
1990 57711 808359 594626842247 200000000000
1991 295499 280305 649419360828 200000000000
1992 898327 269776 463728991577 200000000000
1993 632229 309633 569987416029 200000000000
1994 396738 135153 690278842012 200000000000
1995 528376 50192 3453503476 200000000000
1996 594302 217546 704782101504 200000000000
1997 918564 36759 728195231706 200000000000
1998 741186 545579 565049048164 200000000000
1999 490070 101282 809574183520 200000000000
